time,seconds_elapsed,z,y,x
1761476506296870000,0.109869873046875,0.455334335565567,-0.05743600055575371,0.048463862389326096
1761476506306903000,0.119903076171875,0.48989707231521606,-0.00863073393702507,0.07351651787757874
1761476506316936000,0.12993603515625,0.5026397705078125,0.026410605758428574,0.09844476729631424
1761476506326969000,0.139968994140625,0.4988918900489807,0.05470983684062958,0.11599912494421005
1761476506337003000,0.1500029296875,0.48967763781547546,0.07634029537439346,0.08977337926626205
1761476506347036200,0.1600361328125,0.49002397060394287,0.08700146526098251,0.024546686559915543
1761476506357069000,0.170069091796875,0.5056641697883606,0.0614929124712944,-0.0692378580570221
1761476506367102200,0.180102294921875,0.5152227282524109,0.013076040893793106,-0.15650969743728638
1761476506377135000,0.190135009765625,0.519907534122467,-0.03210821747779846,-0.19759774208068848
1761476506387168300,0.200168212890625,0.5052846670150757,-0.05999013036489487,-0.19318503141403198
1761476506397201200,0.210201171875,0.4766612648963928,-0.10224490612745285,-0.14915578067302704
1761476506407234300,0.220234375,0.43192747235298157,-0.13197322189807892,-0.08803313970565796
1761476506417267200,0.23026708984375,0.38890063762664795,-0.14570234715938568,-0.03224124759435654
1761476506427300000,0.240300048828125,0.3598087430000305,-0.15965044498443604,-0.006753023248165846
1761476506437333000,0.2503330078125,0.3448934555053711,-0.14137797057628632,0.001083861105144024
1761476506447366000,0.260365966796875,0.34914064407348633,-0.06961995363235474,-0.021405786275863647
1761476506457399000,0.27039892578125,0.3578590452671051,0.016440894454717636,-0.06318465620279312
1761476506467432000,0.280431884765625,0.37348878383636475,0.09883473813533783,-0.12413162738084793
1761476506477465000,0.290465087890625,0.37326133251190186,0.1726442575454712,-0.19058841466903687
1761476506487498000,0.300498046875,0.35552912950515747,0.1999811977148056,-0.2547840476036072
1761476506497532200,0.3105322265625,0.33305472135543823,0.1475861668586731,-0.28765252232551575
1761476506507565000,0.32056494140625,0.315652459859848,0.06256966292858124,-0.2625536024570465
1761476506517598200,0.33059814453125,0.3068634867668152,-0.007542042061686516,-0.18454962968826294
1761476506527631000,0.340631103515625,0.30724960565567017,-0.04019970819354057,-0.07401159405708313
1761476506537664300,0.350664306640625,0.31070375442504883,-0.05523192137479782,0.027351249009370804
1761476506547697200,0.360697265625,0.3106829822063446,-0.04904128238558769,0.0915871411561966
1761476506557730300,0.370730224609375,0.31817126274108887,-0.02916424721479416,0.11481336504220963
1761476506567763200,0.38076318359375,0.33022642135620117,-0.0072776214219629765,0.100285105407238
1761476506577796000,0.390796142578125,0.34286683797836304,0.022849654778838158,0.06810586154460907
1761476506587829000,0.4008291015625,0.34856611490249634,0.02306164987385273,0.03850321099162102
1761476506597862000,0.41086181640625,0.36036765575408936,0.005368672776967287,0.0340738408267498
1761476506607895000,0.42089501953125,0.37613409757614136,0.015015017241239548,0.061613257974386215
1761476506617928000,0.430927978515625,0.40179017186164856,0.03752804920077324,0.08988617360591888
1761476506627961000,0.440961181640625,0.4271394908428192,0.05553277209401131,0.10765085369348526
1761476506637995000,0.4509951171875,0.4499334990978241,0.07577173411846161,0.11133188009262085
1761476506648028200,0.461028076171875,0.46834999322891235,0.09401771426200867,0.10417475551366806
1761476506658061000,0.47106103515625,0.48091399669647217,0.09544703364372253,0.09978559613227844
1761476506668094200,0.48109423828125,0.48937731981277466,0.05686118081212044,0.1041167601943016
1761476506678130400,0.49113037109375,0.49373501539230347,0.018753478303551674,0.12895287573337555
1761476506688163300,0.501163330078125,0.48522862792015076,-0.024167273193597794,0.15536583960056305
1761476506698196500,0.511196533203125,0.4659300148487091,-0.05578139051795006,0.1659092903137207
1761476506708229400,0.5212294921875,0.4435591995716095,-0.07647023350000381,0.14952760934829712
1761476506718262500,0.531262451171875,0.43557822704315186,-0.06352487206459045,0.1022125631570816
1761476506728295400,0.54129541015625,0.4430386424064636,-0.04402713477611542,0.04509540647268295
1761476506738328300,0.551328369140625,0.46495139598846436,-0.03417876735329628,-0.0005258712917566299
1761476506748361500,0.561361572265625,0.5023890137672424,-0.030160004273056984,-0.009567457251250744
1761476506758394400,0.571394287109375,0.5338281393051147,-0.023240843787789345,0.018782157450914383
1761476506768427300,0.58142724609375,0.5525092482566833,-0.04972338303923607,0.0658356174826622
1761476506778461200,0.591461181640625,0.5507116317749023,-0.06886006146669388,0.11580317467451096
1761476506788494300,0.601494384765625,0.5427848100662231,-0.08293549716472626,0.14319543540477753
1761476506798527200,0.61152734375,0.5357545614242554,-0.0846622958779335,0.1403583586215973
1761476506808560400,0.621560302734375,0.5383172631263733,-0.09031274169683456,0.12363536655902863
1761476506818593300,0.63159326171875,0.5420659184455872,-0.09117667376995087,0.11032675206661224
1761476506828626400,0.64162646484375,0.554100513458252,-0.058367203921079636,0.10251905769109726
1761476506838659300,0.651659423828125,0.5580142736434937,-0.03246849402785301,0.09465420991182327
1761476506848692500,0.6616923828125,0.5620997548103333,-0.02130245417356491,0.08708915114402771
1761476506858725400,0.671725341796875,0.5564863681793213,-0.014006458222866058,0.08065734803676605
1761476506868758500,0.681758544921875,0.537525475025177,-0.020621268078684807,0.08440936356782913
1761476506878791400,0.69179150390625,0.5111309289932251,-0.03380338102579117,0.10036702454090118
1761476506888824300,0.70182421875,0.48192012310028076,-0.034296903759241104,0.1291940063238144
1761476506898857500,0.711857421875,0.4455472230911255,-0.028345538303256035,0.15929384529590607
1761476506908891400,0.721891357421875,0.4125416874885559,-0.007687533739954233,0.17258316278457642
1761476506918924300,0.73192431640625,0.38086310029029846,0.029865168035030365,0.16845446825027466
1761476506928957200,0.741957275390625,0.3581084907054901,0.08206428587436676,0.13971519470214844
1761476506938990300,0.751990234375,0.34007543325424194,0.12042339146137238,0.10483737289905548
1761476506949023200,0.762023193359375,0.32627061009407043,0.13801680505275726,0.06497053802013397
1761476506959056400,0.772056396484375,0.3158627152442932,0.14562518894672394,0.043624769896268845
1761476506969089300,0.78208935546875,0.30655932426452637,0.12838099896907806,0.03399358689785004
1761476506979122400,0.792122314453125,0.2971698045730591,0.0780549868941307,0.041561491787433624
1761476506989155300,0.8021552734375,0.28434017300605774,0.03212485462427139,0.06184840947389603
1761476506999188500,0.8121884765625,0.26932474970817566,-0.0008043334819376469,0.07833950221538544
1761476507009221400,0.822221435546875,0.2567516267299652,-0.03927508741617203,0.09156733751296997
1761476507019254500,0.832254638671875,0.2450486421585083,-0.06873949617147446,0.1025528758764267
1761476507029288200,0.8422880859375,0.23656758666038513,-0.06482432782649994,0.11150544881820679
1761476507039321300,0.8523212890625,0.22554288804531097,-0.03715728223323822,0.11283782869577408
1761476507049354200,0.862354248046875,0.20922575891017914,0.0027250293642282486,0.10637550055980682
1761476507059387400,0.872387451171875,0.19576959311962128,0.0285441093146801,0.09042849391698837
1761476507069420300,0.882420166015625,0.18136224150657654,0.029366357252001762,0.08183062076568604
1761476507079453200,0.892453125,0.16536009311676025,0.022576628252863884,0.0821605920791626
1761476507089486300,0.902486328125,0.15270783007144928,0.02507874369621277,0.08852903544902802
1761476507099519200,0.912519287109375,0.1378290057182312,0.032579805701971054,0.0965997502207756
1761476507109552400,0.922552490234375,0.12967361509799957,0.036287225782871246,0.09871529042720795
1761476507119585300,0.932585205078125,0.11677566170692444,0.04148305207490921,0.09092927724123001
1761476507129618400,0.942618408203125,0.10257527977228165,0.03786157816648483,0.07818502187728882
1761476507139652400,0.95265234375,0.0890277773141861,0.036487385630607605,0.06969353556632996
1761476507149685500,0.962685546875,0.0833386480808258,0.0350457988679409,0.06627010554075241
1761476507159718400,0.972718505859375,0.07578219473361969,0.029329590499401093,0.06460509449243546
1761476507169751300,0.982751220703125,0.061396725475788116,0.018368477001786232,0.05780601501464844
1761476507179784200,0.9927841796875,0.04132873937487602,0.00016337400302290916,0.045877985656261444
1761476507189817300,1.0028173828125,0.015648137778043747,-0.019376957789063454,0.025672055780887604
1761476507199850200,1.012850341796875,-0.01430283859372139,-0.03330449014902115,0.007262422703206539
1761476507209883100,1.022883056640625,-0.0440400131046772,-0.04049694910645485,-0.009506798349320889
1761476507219916300,1.032916259765625,-0.06364540755748749,-0.0330377034842968,-0.010729455389082432
1761476507229949200,1.04294921875,-0.07759353518486023,-0.004953884519636631,0.003136623650789261
1761476507239982300,1.052982421875,-0.09008029848337173,0.01337771862745285,0.011872325092554092
1761476507250016300,1.063016357421875,-0.09524375200271606,0.025241030380129814,0.02004239149391651
1761476507260049400,1.07304931640625,-0.09417769312858582,0.0314888060092926,0.017826909199357033
1761476507270082300,1.083082275390625,-0.09766200184822083,0.02609437331557274,0.005006255581974983
1761476507280115500,1.093115478515625,-0.1110004410147667,0.01295034121721983,-0.016539782285690308
1761476507290148400,1.1031484375,-0.13034352660179138,-0.0004324144683778286,-0.037666890770196915
1761476507300181500,1.113181396484375,-0.16240186989307404,-0.014967681840062141,-0.05635695531964302
1761476507310214400,1.12321435546875,-0.2000322937965393,-0.029837267473340034,-0.058604896068573
1761476507320247300,1.133247314453125,-0.23238970339298248,-0.030850866809487343,-0.04574209451675415
1761476507330280200,1.1432802734375,-0.24621838331222534,-0.016389228403568268,-0.027659926563501358
1761476507340313300,1.153313232421875,-0.25294578075408936,-0.0035740965977311134,-0.023682761937379837
1761476507350346200,1.16334619140625,-0.24800358712673187,-0.01060999371111393,-0.03558943048119545
1761476507360380400,1.17338037109375,-0.2429228127002716,-0.023356681689620018,-0.05453355982899666
1761476507370413300,1.183413330078125,-0.23982669413089752,-0.040167324244976044,-0.08278929442167282
1761476507380446500,1.193446533203125,-0.24104616045951843,-0.04622708261013031,-0.10330575704574585
1761476507390479400,1.203479248046875,-0.24581333994865417,-0.04828464612364769,-0.13330145180225372
1761476507400512300,1.21351220703125,-0.24789565801620483,-0.06988927721977234,-0.15792185068130493
1761476507410545400,1.22354541015625,-0.24397003650665283,-0.10755550116300583,-0.17126163840293884
1761476507420578300,1.233578369140625,-0.24387629330158234,-0.14497344195842743,-0.16643200814723969
1761476507430611500,1.243611572265625,-0.2457883059978485,-0.17787645757198334,-0.13805094361305237
1761476507440644400,1.253644287109375,-0.2457859069108963,-0.1755179613828659,-0.08936088532209396
1761476507450677500,1.263677490234375,-0.2569677233695984,-0.13724851608276367,-0.051465168595314026
1761476507460710400,1.27371044921875,-0.28381744027137756,-0.0994633287191391,-0.03428511321544647
1761476507470744300,1.283744384765625,-0.3167512118816376,-0.08201073855161667,-0.0342438668012619
1761476507480777200,1.293777099609375,-0.3455261290073395,-0.0474381186068058,-0.03854886442422867
1761476507490810400,1.303810302734375,-0.3649646043777466,0.0020361938513815403,-0.051233403384685516
1761476507500843300,1.31384326171875,-0.3696717321872711,0.05219870060682297,-0.06452097743749619
1761476507510876400,1.32387646484375,-0.37229105830192566,0.09489118307828903,-0.08510685712099075
1761476507520909300,1.333909423828125,-0.36786940693855286,0.11049970239400864,-0.10455645620822906
1761476507530942500,1.3439423828125,-0.3748791217803955,0.08064611256122589,-0.13186372816562653
1761476507540975400,1.353975341796875,-0.37980198860168457,0.021416615694761276,-0.1422303467988968
1761476507551008300,1.36400830078125,-0.3810218274593353,-0.018605293706059456,-0.13062478601932526
1761476507561041400,1.37404150390625,-0.3761860430240631,-0.0529390312731266,-0.10085704177618027
1761476507571074300,1.38407421875,-0.3669925332069397,-0.06728290021419525,-0.07227920740842819
1761476507581107500,1.394107421875,-0.3552652895450592,-0.06299307942390442,-0.05425386503338814
1761476507591141000,1.40414111328125,-0.34588539600372314,-0.0537993460893631,-0.05024413764476776
1761476507601174300,1.41417431640625,-0.3310942053794861,-0.026083294302225113,-0.05534728616476059
1761476507611207200,1.424207275390625,-0.31404250860214233,0.024339694529771805,-0.06390435993671417
1761476507621240300,1.434240234375,-0.3022119402885437,0.06169319152832031,-0.07943165302276611
1761476507631273200,1.444273193359375,-0.2926226556301117,0.07945316284894943,-0.09603317081928253
1761476507641306400,1.454306396484375,-0.28735172748565674,0.07626669108867645,-0.11086484789848328
1761476507651339300,1.46433935546875,-0.28878265619277954,0.03190108388662338,-0.11187152564525604
1761476507661372400,1.474372314453125,-0.2787630259990692,-0.014042705297470093,-0.09410370886325836
1761476507671405300,1.4844052734375,-0.26968708634376526,-0.023191049695014954,-0.05296284705400467
1761476507681435000,1.494434814453125,-0.25760751962661743,-0.021863196045160294,-0.025059577077627182
1761476507691469000,1.504468994140625,-0.2505480647087097,-0.020140917971730232,-0.017642714083194733
1761476507701502000,1.514501953125,-0.24394181370735168,-0.023569205775856972,-0.03795064985752106
1761476507711535000,1.52453515625,-0.2366335690021515,-0.030840406194329262,-0.06195006147027016
1761476507721567700,1.534567626953125,-0.22948484122753143,-0.027612918987870216,-0.08178981393575668
1761476507731601000,1.544600830078125,-0.2237158864736557,-0.007923565804958344,-0.09335986524820328
1761476507741633800,1.5546337890625,-0.2165738195180893,0.019126160070300102,-0.10162471979856491
1761476507751667000,1.5646669921875,-0.21071067452430725,0.044003602117300034,-0.1080862358212471
1761476507761699800,1.574699951171875,-0.20298165082931519,0.05405677109956741,-0.10948972404003143
1761476507771733000,1.58473291015625,-0.1911228597164154,0.04029781371355057,-0.10484756529331207
1761476507781766000,1.594765869140625,-0.1844969093799591,0.01569686271250248,-0.07588062435388565
1761476507791799000,1.604799072265625,-0.17929662764072418,0.0008498765528202057,-0.03995499014854431
1761476507801832000,1.61483203125,-0.17460334300994873,-0.01904154010117054,-0.005370116792619228
1761476507811866000,1.6248662109375,-0.16765010356903076,-0.018709896132349968,0.016282986849546432
1761476507821899000,1.63489892578125,-0.15197473764419556,-0.010216809809207916,0.017761575058102608
1761476507831932200,1.64493212890625,-0.12941142916679382,-0.007849736139178276,0.001879395917057991
1761476507841965000,1.654965087890625,-0.10158699750900269,-0.0023857285268604755,-0.014963766559958458
1761476507851998000,1.664998046875,-0.07785668969154358,0.020430127158761024,-0.03221847116947174
1761476507862031000,1.675031005859375,-0.05878926068544388,0.025249382480978966,-0.038448404520750046
1761476507872064000,1.68506396484375,-0.03998931124806404,0.023821227252483368,-0.02793477103114128
1761476507882097000,1.695096923828125,-0.02187235653400421,0.020815853029489517,-0.0014150142669677734
1761476507892129800,1.7051298828125,-0.0008496134541928768,0.015551464632153511,0.02438708022236824
1761476507902163000,1.715162841796875,0.020522788166999817,0.0019600223749876022,0.04422123730182648
1761476507912195800,1.72519580078125,0.03531627357006073,-0.004437275696545839,0.04144443944096565
1761476507922229000,1.73522900390625,0.04791249334812164,0.005434263031929731,0.02772143855690956
1761476507932263000,1.745262939453125,0.054800380021333694,0.00677915383130312,0.006781823933124542
1761476507942296000,1.755296142578125,0.06215735897421837,0.00646516727283597,-0.014030247926712036
1761476507952329000,1.765328857421875,0.07028032839298248,-0.0034346552565693855,-0.02060410939157009
1761476507962362000,1.775362060546875,0.08231542259454727,-0.03099358081817627,-0.01975003257393837
1761476507972395000,1.78539501953125,0.10407696664333344,-0.04896692559123039,-0.005239174701273441
1761476507982428000,1.795427978515625,0.13477522134780884,-0.06022943556308746,0.013222123496234417
1761476507992461000,1.8054609375,0.16012446582317352,-0.06567299365997314,0.02532210201025009
1761476508002494000,1.815493896484375,0.18005476891994476,-0.046662818640470505,0.03313448652625084
1761476508012527000,1.825527099609375,0.19408302009105682,-0.015293918550014496,0.034363895654678345
1761476508022560000,1.83556005859375,0.19712328910827637,0.0004166015423834324,0.024781309068202972
1761476508032593000,1.845593017578125,0.21084608137607574,-0.004987538326531649,0.022626429796218872
1761476508042625800,1.855625732421875,0.22165265679359436,-0.003808822948485613,0.03854813799262047
1761476508052660000,1.865659912109375,0.23331260681152344,-0.009671038016676903,0.05247560143470764
1761476508062692900,1.87569287109375,0.24456098675727844,-0.03150602802634239,0.05506659299135208
1761476508072726000,1.88572607421875,0.2634027302265167,-0.04939182475209236,0.05391426011919975
1761476508082759000,1.895759033203125,0.2765648663043976,-0.05402599275112152,0.048030804842710495
1761476508092792000,1.9057919921875,0.28218507766723633,-0.044637542217969894,0.04144931584596634
1761476508102825000,1.915824951171875,0.28729647397994995,-0.02722073718905449,0.044662684202194214
1761476508112858000,1.925858154296875,0.28849226236343384,0.009072543121874332,0.05898307263851166
1761476508122891000,1.93589111328125,0.29080069065093994,0.022589949890971184,0.08144870400428772
1761476508132924000,1.945923828125,0.2920190989971161,0.015809081494808197,0.10757730156183243
1761476508142957000,1.95595703125,0.2942178249359131,0.012974943965673447,0.13298384845256805
1761476508152990000,1.965989990234375,0.29746031761169434,0.008499521762132645,0.1422385424375534
1761476508163024000,1.97602392578125,0.30505430698394775,-0.007182502653449774,0.13274091482162476
1761476508173056800,1.986056884765625,0.31394943594932556,-0.01645154133439064,0.10965130478143692
1761476508183090000,1.99608984375,0.32269287109375,-0.028323113918304443,0.0809626653790474
1761476508193122800,2.006122802734375,0.32861965894699097,-0.023100703954696655,0.05999040976166725
1761476508203156000,2.016156005859375,0.32996267080307007,-0.014905090443789959,0.05931023880839348
1761476508213188900,2.02618896484375,0.3339519202709198,-0.0014047934673726559,0.06938464194536209
1761476508223222000,2.036221923828125,0.33647605776786804,0.010027891024947166,0.08229724317789078
1761476508233255000,2.0462548828125,0.3479095697402954,0.02346334420144558,0.09041274338960648
1761476508243288000,2.0562880859375,0.3718540668487549,0.035044100135564804,0.09296964108943939
1761476508253321000,2.066321044921875,0.39812830090522766,0.03542693704366684,0.08639626950025558
1761476508263354000,2.07635400390625,0.4212847650051117,0.020793933421373367,0.06894217431545258
1761476508273387000,2.086386962890625,0.43592724204063416,-0.007282183039933443,0.05452090501785278
1761476508283420000,2.096419921875,0.44513723254203796,-0.04426656663417816,0.03735364228487015
1761476508293453800,2.106453857421875,0.4482717216014862,-0.09561465680599213,0.02410878799855709
1761476508303487000,2.116487060546875,0.43412819504737854,-0.13622891902923584,0.01893107034265995
1761476508313519900,2.126519775390625,0.4185387194156647,-0.15622739493846893,0.012482737191021442
1761476508323552800,2.136552734375,0.39655643701553345,-0.16547761857509613,0.015126724727451801
1761476508333586000,2.1465859375,0.3802679479122162,-0.16173388063907623,0.03583798557519913
1761476508343618800,2.156618896484375,0.3761906623840332,-0.13221247494220734,0.07034243643283844
1761476508353652000,2.16665185546875,0.37816083431243896,-0.0853404551744461,0.10409633815288544
1761476508363684900,2.176684814453125,0.3777216672897339,-0.04281510040163994,0.10888363420963287
1761476508373718000,2.186718017578125,0.37619122862815857,-0.020924771204590797,0.08967547118663788
1761476508383751000,2.1967509765625,0.37113839387893677,-0.004352718126028776,0.05654574930667877
1761476508393784000,2.2067841796875,0.35618147253990173,0.00393339479342103,0.018621671944856644
1761476508403817000,2.21681689453125,0.335951030254364,0.00015516811981797218,-0.015187423676252365
1761476508413851100,2.22685107421875,0.3150695264339447,-0.008921174332499504,-0.03484759479761124
1761476508423884000,2.236884033203125,0.29350486397743225,-0.043883420526981354,-0.026793664321303368
1761476508433917000,2.2469169921875,0.2830468714237213,-0.07550065219402313,0.02515449933707714
1761476508443949800,2.25694970703125,0.27430689334869385,-0.060059111565351486,0.1001531109213829
1761476508453983000,2.26698291015625,0.26465028524398804,-0.04033687710762024,0.15946510434150696
1761476508464016000,2.277015869140625,0.26008933782577515,-0.02680801786482334,0.18263007700443268
1761476508474048800,2.287048828125,0.2603781819343567,-0.003646062221378088,0.16660426557064056
1761476508484082000,2.29708203125,0.2610061466693878,0.03400864079594612,0.12556283175945282
1761476508494114800,2.30711474609375,0.25945279002189636,0.07180158793926239,0.06694547832012177
1761476508504148000,2.31714794921875,0.24717853963375092,0.10091099888086319,0.013675065711140633
1761476508514180900,2.327180908203125,0.23698580265045166,0.10747693479061127,-0.02876690775156021
1761476508524214000,2.337214111328125,0.22275492548942566,0.0874965712428093,-0.042030248790979385
1761476508534247000,2.347246826171875,0.21125084161758423,0.04705951362848282,-0.0307001993060112
1761476508544281000,2.357281005859375,0.1926790177822113,0.013256278820335865,0.006444239057600498
1761476508554314000,2.36731396484375,0.18256983160972595,-0.014443086460232735,0.05115526169538498
1761476508564347100,2.37734716796875,0.17076483368873596,-0.03274352848529816,0.09118577092885971
1761476508574380000,2.387380126953125,0.16379831731319427,-0.034118302166461945,0.12675508856773376
1761476508584413000,2.397412841796875,0.16187605261802673,-0.01621600240468979,0.14071565866470337
1761476508594445800,2.40744580078125,0.1605701595544815,0.014861229807138443,0.13094210624694824
1761476508604478700,2.417478759765625,0.15955735743045807,0.03583761677145958,0.09998312592506409
1761476508614511900,2.427511962890625,0.14812353253364563,0.04142453148961067,0.0540090948343277
1761476508624544800,2.437544677734375,0.13562452793121338,0.033982064574956894,0.007153172977268696
1761476508634578000,2.447577880859375,0.11720836907625198,0.007639775052666664,-0.027396593242883682
1761476508644610800,2.45761083984375,0.09473635256290436,-0.032600853592157364,-0.03984527289867401
1761476508654644000,2.46764404296875,0.07267977297306061,-0.06275038421154022,-0.019318487495183945
1761476508664676900,2.4776767578125,0.055219028145074844,-0.0809301882982254,0.01892264187335968
1761476508674711000,2.4877109375,0.0359441414475441,-0.08573704957962036,0.06406567990779877
1761476508684743000,2.497742919921875,0.014836992137134075,-0.06853009760379791,0.09498657286167145
1761476508694776000,2.507776123046875,-0.006311490200459957,-0.04498354718089104,0.09561445564031601
1761476508704809000,2.51780908203125,-0.036238495260477066,-0.025656456127762794,0.0641726478934288
1761476508714841900,2.527841796875,-0.06159330531954765,-0.026518765836954117,0.007240595296025276
1761476508724875000,2.537875,-0.08612288534641266,-0.038542669266462326,-0.05402888357639313
1761476508734908000,2.547907958984375,-0.10184686630964279,-0.05577994883060455,-0.09281446039676666
1761476508744941000,2.557941162109375,-0.11843197047710419,-0.06545282155275345,-0.09795595705509186
1761476508754974000,2.567973876953125,-0.13606205582618713,-0.06963090598583221,-0.07010239362716675
1761476508765007000,2.578007080078125,-0.15583042800426483,-0.07056940346956253,-0.03239202871918678
1761476508775040000,2.5880400390625,-0.17926958203315735,-0.06757532060146332,0.008202580735087395
1761476508785073200,2.5980732421875,-0.19541846215724945,-0.057686466723680496,0.02868947945535183
1761476508795106000,2.60810595703125,-0.21243426203727722,-0.0527515783905983,0.02974740043282509
1761476508805139000,2.618138916015625,-0.2290654331445694,-0.0536770261824131,0.006237012334167957
1761476508815172900,2.6281728515625,-0.24439211189746857,-0.054638564586639404,-0.028608445078134537
1761476508825206000,2.6382060546875,-0.2606946527957916,-0.04864991456270218,-0.06207185983657837
1761476508835239000,2.648239013671875,-0.27630195021629333,-0.03816951438784599,-0.08688180148601532
1761476508845272000,2.65827197265625,-0.28781983256340027,-0.014453530311584473,-0.10251428931951523
1761476508855305000,2.668304931640625,-0.29310277104377747,0.028639165684580803,-0.10992052406072617
1761476508865337900,2.678337890625,-0.29327988624572754,0.06514710932970047,-0.1115967184305191
1761476508875371000,2.68837109375,-0.2834702730178833,0.07710321992635727,-0.11803553253412247
1761476508885404000,2.69840380859375,-0.2687845528125763,0.07568056136369705,-0.12040068209171295
1761476508895437000,2.70843701171875,-0.25559327006340027,0.05742284283041954,-0.11855306476354599
1761476508905470000,2.718469970703125,-0.24105453491210938,0.03425440564751625,-0.1100277528166771
1761476508915503000,2.728503173828125,-0.22911927103996277,0.015783287584781647,-0.1010303646326065
1761476508925536000,2.738535888671875,-0.21720455586910248,-0.007086340803653002,-0.10255235433578491
1761476508935569200,2.748569091796875,-0.19962161779403687,-0.033234111964702606,-0.11493294686079025
1761476508945602000,2.75860205078125,-0.17117080092430115,-0.04608013853430748,-0.12728841602802277
1761476508955636000,2.768635986328125,-0.14354339241981506,-0.05305017903447151,-0.14460532367229462
1761476508965668900,2.7786689453125,-0.11469896137714386,-0.06465809792280197,-0.1618945598602295
1761476508975702000,2.788701904296875,-0.09000122547149658,-0.07450380176305771,-0.1711844950914383
1761476508985735000,2.79873486328125,-0.07010341435670853,-0.09203432500362396,-0.1695636808872223
1761476508995768000,2.80876806640625,-0.05344289541244507,-0.12239989638328552,-0.16283564269542694
1761476509005801000,2.818801025390625,-0.04078888148069382,-0.15009969472885132,-0.14835365116596222
1761476509015833900,2.828833740234375,-0.03133082389831543,-0.18010088801383972,-0.13126343488693237
1761476509025867000,2.838866943359375,-0.024247348308563232,-0.20800763368606567,-0.11647249758243561
1761476509035900000,2.84889990234375,-0.020398389548063278,-0.2317948192358017,-0.09741136431694031
1761476509045933000,2.85893310546875,-0.019347507506608963,-0.23606546223163605,-0.08288969099521637
1761476509055966000,2.868966064453125,-0.02566343918442726,-0.2251102179288864,-0.07551641017198563
1761476509065999000,2.8789990234375,-0.0399656817317009,-0.20178864896297455,-0.080299973487854
1761476509076032000,2.889031982421875,-0.058402784168720245,-0.17663869261741638,-0.08739554136991501
1761476509086066000,2.89906591796875,-0.0879199281334877,-0.14003914594650269,-0.08677076548337936
1761476509096098800,2.909098876953125,-0.1232202798128128,-0.09859848767518997,-0.08103220164775848
1761476509106132000,2.919132080078125,-0.1589343398809433,-0.07162732630968094,-0.07300090789794922
1761476509116164900,2.929164794921875,-0.1873694360256195,-0.07907626777887344,-0.06603968888521194
1761476509126198000,2.939197998046875,-0.205527663230896,-0.09601850062608719,-0.046895552426576614
1761476509136231000,2.94923095703125,-0.2181791067123413,-0.09834542125463486,-0.01742146536707878
1761476509146263800,2.959263916015625,-0.23106001317501068,-0.0921889916062355,0.014186529442667961
1761476509156297000,2.969296875,-0.24753521382808685,-0.06795249134302139,0.04145102947950363
1761476509166329900,2.979329833984375,-0.2627567648887634,-0.03376522660255432,0.046649254858493805
1761476509176363000,2.989363037109375,-0.2749968469142914,-0.007845701649785042,0.04002103954553604
1761476509186396000,2.99939599609375,-0.2776027321815491,0.004277274012565613,0.03158681094646454
1761476509196429000,3.009428955078125,-0.272487998008728,0.0018966677598655224,0.023115580901503563
1761476509206462000,3.0194619140625,-0.26170220971107483,-0.017467176541686058,0.028082644566893578
1761476509216495000,3.0294951171875,-0.23719239234924316,-0.05318402498960495,0.042450789362192154
1761476509226528000,3.039528076171875,-0.2155427634716034,-0.08363167941570282,0.06141755357384682
1761476509236562000,3.04956201171875,-0.18933266401290894,-0.09768922626972198,0.08875559270381927
1761476509246594800,3.0595947265625,-0.17027509212493896,-0.08834206312894821,0.10462962836027145
1761476509256628000,3.0696279296875,-0.1595122516155243,-0.07050229609012604,0.10601644217967987
1761476509266660900,3.079660888671875,-0.15040716528892517,-0.056107111275196075,0.09506206214427948
1761476509276694000,3.089694091796875,-0.13668031990528107,-0.03347902372479439,0.08609278500080109
1761476509286727000,3.099726806640625,-0.12275544553995132,-0.005501982755959034,0.08143172413110733
1761476509296759800,3.109759765625,-0.10186966508626938,0.006127184256911278,0.0812971442937851
1761476509306793000,3.11979296875,-0.07703275233507156,0.0059847054071724415,0.0875939205288887
1761476509316825900,3.129825927734375,-0.05504531413316727,-0.0005250922404229641,0.10210805386304855
1761476509326859000,3.13985888671875,-0.03374108672142029,0.0020283465273678303,0.12049877643585205
1761476509336892000,3.149891845703125,-0.011128295212984085,0.012447578832507133,0.12318385392427444
1761476509346925000,3.159925048828125,0.01735740900039673,0.02494579553604126,0.11294826120138168
1761476509356959000,3.169958984375,0.03304741159081459,0.043437566608190536,0.1032274067401886
1761476509366992000,3.179991943359375,0.04056231677532196,0.07266682386398315,0.08528701961040497
1761476509377024800,3.190024658203125,0.04131413996219635,0.09899764508008957,0.06505823880434036
1761476509387058000,3.200057861328125,0.0344407856464386,0.10915175080299377,0.04270739108324051
1761476509397090800,3.2100908203125,0.026929013431072235,0.10797388851642609,0.01723863184452057
1761476509407124000,3.2201240234375,0.02136886492371559,0.09082552790641785,0.0006229039281606674
1761476509417156900,3.230156982421875,0.029113423079252243,0.07844104617834091,0.004368845373392105
1761476509427190000,3.24018994140625,0.039771925657987595,0.08165175467729568,0.018985604867339134
1761476509437223000,3.250222900390625,0.05926458537578583,0.08865176886320114,0.03069930523633957
1761476509447255800,3.260255859375,0.08096083253622055,0.0861811563372612,0.026812952011823654
1761476509457289000,3.2702890625,0.10802745819091797,0.08377552777528763,0.0088640246540308
1761476509467321900,3.28032177734375,0.13052131235599518,0.08921051025390625,-0.02441110834479332
1761476509477355000,3.29035498046875,0.15436750650405884,0.07385241240262985,-0.05681218206882477
1761476509487389000,3.300388916015625,0.17380379140377045,0.04061882197856903,-0.0730326920747757
1761476509497422000,3.310422119140625,0.19937507808208466,0.02125725708901882,-0.06351713836193085
1761476509507455000,3.320455078125,0.22346657514572144,-0.005683280061930418,-0.037862908095121384
1761476509517488000,3.330488037109375,0.24591243267059326,-0.0329272486269474,-0.019947238266468048
1761476509527520800,3.340520751953125,0.25865432620048523,-0.04247095435857773,-0.017594069242477417
1761476509537554000,3.350553955078125,0.2686810791492462,-0.03502338007092476,-0.022231273353099823
1761476509547586800,3.3605869140625,0.27715152502059937,-0.01932111568748951,-0.039101067930459976
1761476509557620000,3.370619873046875,0.28193795680999756,0.007207993417978287,-0.06437166780233383
1761476509567652900,3.38065283203125,0.28429165482521057,0.01570427604019642,-0.07363121211528778
1761476509577686000,3.39068603515625,0.2731306254863739,0.02236126735806465,-0.07048915326595306
1761476509587719000,3.400718994140625,0.25235024094581604,0.014764068648219109,-0.04651803523302078
1761476509597751800,3.410751708984375,0.22111739218235016,0.004179737530648708,-0.013666758313775063
1761476509607786000,3.420785888671875,0.1932317018508911,0.011432856321334839,0.018632858991622925
1761476509617819100,3.430819091796875,0.1720680296421051,0.01112888939678669,0.03292263299226761
1761476509627852000,3.44085205078125,0.15814208984375,0.016522856429219246,0.03083711303770542
1761476509637885000,3.450885009765625,0.14910045266151428,0.02173282578587532,0.01956038549542427
1761476509647918000,3.46091796875,0.14202123880386353,0.018749553710222244,0.017666079103946686
1761476509657951000,3.470950927734375,0.13447009027004242,0.03198486194014549,0.023617926985025406
1761476509667984100,3.480984130859375,0.13010276854038239,0.042095016688108444,0.0423484705388546
1761476509678017300,3.491017333984375,0.1266598254442215,0.04813225194811821,0.06428059935569763
1761476509688050200,3.50105029296875,0.12257613241672516,0.07543951272964478,0.09788703918457031
1761476509698083300,3.511083251953125,0.11307425051927567,0.12584663927555084,0.1296551525592804
1761476509708116200,3.5211162109375,0.10678599774837494,0.16829369962215424,0.1369953602552414
1761476509718150400,3.531150390625,0.1085393950343132,0.19837619364261627,0.12730105221271515
1761476509728183300,3.541183349609375,0.11643007397651672,0.21121929585933685,0.10462583601474762
1761476509738216400,3.551216552734375,0.1294769048690796,0.18680137395858765,0.08128830045461655
1761476509748249300,3.561249267578125,0.1407732367515564,0.14323526620864868,0.06918822973966599
1761476509758282500,3.571282470703125,0.15022608637809753,0.10643145442008972,0.07353606075048447
1761476509768315400,3.5813154296875,0.164557084441185,0.07584638148546219,0.08348163962364197
1761476509778348500,3.5913486328125,0.1912110447883606,0.05010339245200157,0.0899440199136734
1761476509788381400,3.60138134765625,0.2251754105091095,0.03920893371105194,0.10755150765180588
1761476509798414300,3.611414306640625,0.26258131861686707,0.05713263526558876,0.11425305902957916
1761476509808447500,3.621447509765625,0.2930159270763397,0.07575452327728271,0.11116138845682144
1761476509818480000,3.631480224609375,0.316692978143692,0.0781814306974411,0.09393563866615295
1761476509828513300,3.64151318359375,0.3406744599342346,0.08569980412721634,0.07781072705984116
1761476509838547200,3.651547119140625,0.36303821206092834,0.08385051041841507,0.06427118927240372
1761476509848580400,3.661580322265625,0.37588876485824585,0.05882744863629341,0.04833430424332619
1761476509858613200,3.67161328125,0.386143296957016,0.032073136419057846,0.039252977818250656
1761476509868646400,3.681646484375,0.3871893882751465,0.003256933530792594,0.025052204728126526
1761476509878679300,3.69167919921875,0.3837875723838806,-0.01882074773311615,0.0077453553676605225
1761476509888712400,3.70171240234375,0.37311044335365295,-0.04083443433046341,-0.013144480995833874
1761476509898745300,3.711745361328125,0.3747606575489044,-0.058132462203502655,-0.025994254276156425
1761476509908778500,3.721778564453125,0.38311365246772766,-0.06856619566679001,-0.02969285100698471
1761476509918811400,3.731811279296875,0.39161914587020874,-0.06794008612632751,-0.014294433407485485
1761476509928844300,3.74184423828125,0.397352397441864,-0.06432192027568817,0.004973802715539932
1761476509938877400,3.75187744140625,0.3966487646102905,-0.06752604246139526,0.021013706922531128
1761476509948910300,3.761910400390625,0.3940175473690033,-0.06278561055660248,0.032118022441864014
1761476509958944300,3.7719443359375,0.38240522146224976,-0.055992335081100464,0.028346974402666092
1761476509968977200,3.78197705078125,0.37350893020629883,-0.04634876176714897,0.015765933319926262
1761476509979010300,3.79201025390625,0.3615778982639313,-0.04455871507525444,-0.003297382965683937
1761476509989043200,3.802043212890625,0.3472314476966858,-0.046030376106500626,-0.021293427795171738
1761476509999076400,3.812076416015625,0.3307947516441345,-0.055092524737119675,-0.02341800555586815
1761476510009109200,3.822109130859375,0.30527713894844055,-0.059954121708869934,-0.012948320247232914
1761476510019142400,3.832142333984375,0.27430206537246704,-0.06116349995136261,0.0036371424794197083
1761476510029175300,3.84217529296875,0.2383837252855301,-0.06717319041490555,0.02958858385682106
1761476510039208400,3.85220849609375,0.20406650006771088,-0.05908612161874771,0.057796988636255264
1761476510049241300,3.862241455078125,0.1736188381910324,-0.04318172484636307,0.06706131994724274
1761476510059274500,3.8722744140625,0.14354270696640015,-0.03013456054031849,0.06299792975187302
1761476510069307400,3.882307373046875,0.12349284440279007,-0.02160205878317356,0.05309043824672699
1761476510079341300,3.89234130859375,0.10212203115224838,-0.011061156168580055,0.04229152202606201
1761476510089374200,3.902374267578125,0.08201223611831665,0.01592252589762211,0.030565088614821434
1761476510099407400,3.912407470703125,0.0635816901922226,0.032565608620643616,0.011895233765244484
1761476510109440300,3.922440185546875,0.04970236122608185,0.0352383553981781,-0.0013135122135281563
1761476510119473200,3.93247314453125,0.03620282933115959,0.015798570588231087,-0.020603474229574203
1761476510129506300,3.94250634765625,0.03078782558441162,-0.02045850269496441,-0.025562278926372528
1761476510139539200,3.952539306640625,0.01535948459059,-0.06648645550012589,-0.014974329620599747
1761476510149572400,3.962572265625,-0.0015934007242321968,-0.07613907754421234,0.017279215157032013
1761476510159605200,3.972605224609375,-0.013937014155089855,-0.06796922534704208,0.039285480976104736
1761476510169638400,3.982638427734375,-0.023952629417181015,-0.04797128215432167,0.04343601316213608
1761476510179671300,3.99267138671875,-0.02703530341386795,-0.018628787249326706,0.030941903591156006
1761476510189704400,4.002704345703125,-0.03511400148272514,0.00768617307767272,0.006619787774980068
1761476510199734300,4.012734375,-0.04149104654788971,0.017732031643390656,-0.025119682773947716
1761476510209767400,4.022767333984375,-0.04986775666475296,0.01360759325325489,-0.05070999637246132
1761476510219800300,4.03280029296875,-0.05456962063908577,0.00610567769035697,-0.059463102370500565
1761476510229833500,4.04283349609375,-0.05597337335348129,-0.0077062747441232204,-0.0499177984893322
1761476510239866400,4.052866455078125,-0.0605548731982708,-0.018098676577210426,-0.028864331543445587
1761476510249899300,4.062899169921875,-0.06825193762779236,-0.018932512030005455,-0.0015789167955517769
1761476510259933200,4.07293310546875,-0.08168326318264008,-0.007636500056833029,0.015046554617583752
1761476510269966300,4.08296630859375,-0.09646353870630264,0.002222256036475301,0.020315352827310562
1761476510279999200,4.092999267578125,-0.11215458065271378,0.014620746485888958,0.003060302697122097
1761476510290032400,4.103032470703125,-0.12085273116827011,0.024629171937704086,-0.023820046335458755
1761476510300065300,4.113065185546875,-0.12404851615428925,0.04096689075231552,-0.04826367646455765
1761476510310098400,4.123098388671875,-0.12299124151468277,0.05703534185886383,-0.06061968207359314
1761476510320131300,4.13313134765625,-0.13081984221935272,0.05928274244070053,-0.06913449615240097
1761476510330164500,4.14316455078125,-0.13921812176704407,0.05240299552679062,-0.07093852013349533
1761476510340197400,4.153197265625,-0.143964946269989,0.0551682710647583,-0.06873241811990738
1761476510350230300,4.163230224609375,-0.14647896587848663,0.0599190853536129,-0.06669696420431137
1761476510360263400,4.173263427734375,-0.14479631185531616,0.06356543302536011,-0.0670161247253418
1761476510370296300,4.18329638671875,-0.1450173556804657,0.06750956922769547,-0.06591756641864777
1761476510380330200,4.193330322265625,-0.14190109074115753,0.07298166304826736,-0.05760052427649498
1761476510390363100,4.203363037109375,-0.143937349319458,0.07324371486902237,-0.05057723447680473
1761476510400396300,4.213396240234375,-0.147388756275177,0.07335671782493591,-0.04295232146978378
1761476510410429200,4.22342919921875,-0.1549673080444336,0.05741184204816818,-0.04534490406513214
1761476510420462300,4.23346240234375,-0.15986019372940063,0.038604140281677246,-0.06216726452112198
1761476510430495200,4.2434951171875,-0.16497266292572021,0.025527752935886383,-0.08436258137226105
1761476510440528400,4.2535283203125,-0.1680280566215515,0.028386423364281654,-0.11413921415805817
1761476510450561300,4.263561279296875,-0.16837799549102783,0.029703622683882713,-0.135391503572464
1761476510460594400,4.273594482421875,-0.16534340381622314,0.02695593610405922,-0.14419907331466675
1761476510470627300,4.28362744140625,-0.16465310752391815,0.011115720495581627,-0.12421391159296036
1761476510480660500,4.293660400390625,-0.17120788991451263,-0.0016883490607142448,-0.0932452380657196
1761476510490693400,4.303693359375,-0.18001310527324677,-0.004875886719673872,-0.06091499701142311
1761476510500726300,4.313726318359375,-0.18324637413024902,-0.012475354596972466,-0.04802142456173897
1761476510510760200,4.32376025390625,-0.1848602443933487,-0.02147843688726425,-0.057873256504535675
1761476510520793300,4.33379345703125,-0.1864943504333496,-0.030545277521014214,-0.07284974306821823
1761476510530826200,4.343826171875,-0.18569247424602509,-0.038793087005615234,-0.0907757431268692
1761476510540859100,4.353859130859375,-0.1894681751728058,-0.051685526967048645,-0.09947393089532852
1761476510550892300,4.363892333984375,-0.19750960171222687,-0.0435599610209465,-0.08642523735761642
1761476510560925200,4.37392529296875,-0.20753802359104156,-0.032919369637966156,-0.057318270206451416
1761476510570958300,4.383958251953125,-0.21916832029819489,-0.005962320137768984,-0.025971269235014915
1761476510580991200,4.3939912109375,-0.23221303522586823,0.030981330201029778,-0.0028894273564219475
1761476510591024400,4.4040244140625,-0.24479886889457703,0.05077021196484566,-0.0017988625913858414
1761476510601057300,4.414057373046875,-0.261435329914093,0.06027864292263985,-0.01808425411581993
1761476510611090400,4.42409033203125,-0.2669565975666046,0.06332209706306458,-0.038511231541633606
1761476510621123300,4.434123291015625,-0.2709224820137024,0.06158743426203728,-0.06052766740322113
1761476510631156500,4.444156494140625,-0.2770237624645233,0.04595867544412613,-0.0669751837849617
1761476510641190400,4.4541904296875,-0.2856687605381012,0.03896135464310646,-0.06457635015249252
1761476510651223300,4.464223388671875,-0.3009006977081299,0.021429499611258507,-0.06039465591311455
1761476510661256200,4.474256103515625,-0.31354665756225586,0.00019226502627134323,-0.05456435680389404
1761476510671289300,4.484289306640625,-0.32540997862815857,-0.016988586634397507,-0.058428339660167694
1761476510681322200,4.494322265625,-0.3304406702518463,-0.027877718210220337,-0.0636041909456253
1761476510691357700,4.504357666015625,-0.32944440841674805,-0.02211197465658188,-0.0690506249666214
1761476510701390600,4.514390625,-0.32067736983299255,0.0016358736902475357,-0.06358953565359116
1761476510711423700,4.524423828125,-0.31834736466407776,0.020641522482037544,-0.06948257982730865
1761476510721456600,4.53445654296875,-0.31660330295562744,0.001243868377059698,-0.0904582068324089
1761476510731489500,4.544489501953125,-0.32077303528785706,-0.051290977746248245,-0.11714974045753479
1761476510741522400,4.5545224609375,-0.3318902254104614,-0.10498281568288803,-0.13196349143981934
1761476510751555600,4.5645556640625,-0.3461136519908905,-0.12839625775814056,-0.1184503436088562
1761476510761588500,4.57458837890625,-0.3707737922668457,-0.14480653405189514,-0.08800602704286575
1761476510771621400,4.584621337890625,-0.3997707962989807,-0.1576932966709137,-0.07255277037620544
1761476510781655600,4.594655517578125,-0.43581101298332214,-0.17314918339252472,-0.08145181834697723
1761476510791689700,4.604689697265625,-0.45259609818458557,-0.21064569056034088,-0.09922388941049576
1761476510801722600,4.61472265625,-0.4669954478740692,-0.19135694205760956,-0.11173069477081299
1761476510811755800,4.624755859375,-0.4860799312591553,-0.14987421035766602,-0.12736770510673523
1761476510821788700,4.63478857421875,-0.510206401348114,-0.12014937400817871,-0.1427350789308548
1761476510831821600,4.644821533203125,-0.5349195003509521,-0.11002057045698166,-0.14652688801288605
1761476510841854500,4.6548544921875,-0.5582249164581299,-0.10835582762956619,-0.15719419717788696
1761476510851887400,4.664887451171875,-0.5758135318756104,-0.08180411159992218,-0.17607679963111877
1761476510861920500,4.67492041015625,-0.6025364398956299,-0.04152817279100418,-0.20577684044837952
1761476510871953400,4.684953369140625,-0.635934054851532,0.01980043202638626,-0.23991402983665466
1761476510881986600,4.694986572265625,-0.6622419357299805,0.09474201500415802,-0.26279979944229126
1761476510892020500,4.7050205078125,-0.6687927842140198,0.14576898515224457,-0.266620934009552
1761476510902053600,4.7150537109375,-0.6568886637687683,0.1591608226299286,-0.23887068033218384
1761476510912086500,4.72508642578125,-0.6379711627960205,0.1742100864648819,-0.18305960297584534
1761476510922119700,4.73511962890625,-0.6124803423881531,0.17090947926044464,-0.12890352308750153
1761476510932152600,4.745152587890625,-0.5914293527603149,0.13277967274188995,-0.07847149670124054
1761476510942185700,4.755185791015625,-0.571681022644043,0.0720953717827797,-0.03809690102934837
1761476510952218600,4.765218505859375,-0.5513885021209717,0.051597289741039276,-0.019080335274338722
1761476510962251800,4.775251708984375,-0.5272613167762756,0.0481983907520771,-0.03956352919340134
1761476510972284700,4.78528466796875,-0.49568235874176025,0.05162934213876724,-0.08942243456840515
1761476510982317600,4.795317626953125,-0.46576473116874695,0.062488146126270294,-0.15372507274150848
1761476510992350500,4.8053505859375,-0.44705817103385925,-0.009276855736970901,-0.2091880589723587
1761476511002383400,4.81538330078125,-0.4354078769683838,-0.12315087765455246,-0.21052469313144684
1761476511012416500,4.82541650390625,-0.41313880681991577,-0.1422811597585678,-0.1529572606086731
1761476511022449400,4.835449462890625,-0.38032233715057373,-0.1371135115623474,-0.07442053407430649
1761476511032482600,4.845482666015625,-0.3291957676410675,-0.12425097078084946,-0.00615279795601964
1761476511042516500,4.8555166015625,-0.25676944851875305,-0.10241086781024933,0.028643088415265083
1761476511052549600,4.865549560546875,-0.181939959526062,-0.07813482731580734,0.026544516906142235
1761476511062582500,4.87558251953125,-0.094759002327919,-0.04831121861934662,0.0074820928275585175
1761476511072615700,4.88561572265625,-0.012570922262966633,0.027224019169807434,-0.005412667524069548
1761476511082648600,4.895648681640625,0.06524360179901123,0.11748696118593216,-0.004130270332098007
1761476511092681700,4.905681640625,0.11466895043849945,0.16075506806373596,0.013588272966444492
1761476511102714600,4.915714599609375,0.13495604693889618,0.14306069910526276,0.02829788811504841
1761476511112747800,4.925747802734375,0.15178322792053223,0.05671542510390282,0.04935896396636963
1761476511122780700,4.93578076171875,0.1832655966281891,-0.03577538952231407,0.08441955596208572
1761476511132813600,4.9458134765625,0.24117150902748108,-0.09584139287471771,0.13899439573287964
1761476511142846500,4.955846435546875,0.32495221495628357,-0.12834924459457397,0.21713733673095703
1761476511152879400,4.96587939453125,0.42046409845352173,-0.12796229124069214,0.30072304606437683
1761476511162912500,4.97591259765625,0.5061936974525452,-0.08037111163139343,0.3656518757343292
1761476511172945400,4.9859453125,0.5659729242324829,-0.010716666467487812,0.39078864455223083
1761476511182979600,4.9959794921875,0.6171219348907471,0.0340089276432991,0.38748279213905334
1761476511193012500,5.006012451171875,0.6637791991233826,0.049967918545007706,0.37987571954727173
1761476511203045600,5.016045654296875,0.7008007168769836,0.016547299921512604,0.36924248933792114
1761476511213078500,5.02607861328125,0.7284421920776367,-0.030757632106542587,0.3732619881629944
1761476511223111700,5.036111572265625,0.7327568531036377,-0.07172691822052002,0.3763856589794159
1761476511233144600,5.04614453125,0.7132949829101562,-0.11009161919355392,0.3554529547691345
1761476511243177700,5.056177734375,0.6868412494659424,-0.14196546375751495,0.30583739280700684
1761476511253210600,5.066210693359375,0.6599893569946289,-0.16312959790229797,0.21483927965164185
1761476511263243800,5.076243896484375,0.6426799297332764,-0.17791153490543365,0.11631264537572861
1761476511273276700,5.086276611328125,0.6313071846961975,-0.2050430178642273,0.03082171082496643
1761476511283309800,5.096309814453125,0.6125126481056213,-0.2435600459575653,-0.03706410899758339
1761476511293342500,5.106342529296875,0.5899250507354736,-0.27513211965560913,-0.08218524605035782
1761476511303375400,5.116375244140625,0.5709019899368286,-0.27781587839126587,-0.09681528061628342
1761476511313408500,5.126408447265625,0.5670254826545715,-0.2617378532886505,-0.09174621850252151
1761476511323441400,5.13644140625,0.5702362060546875,-0.2142779678106308,-0.06409388035535812
1761476511333475600,5.1464755859375,0.5710492730140686,-0.16402225196361542,-0.034683529287576675
1761476511343508500,5.156508544921875,0.5723075270652771,-0.1481063812971115,-0.005170748103410006
1761476511353541600,5.166541748046875,0.5691516399383545,-0.1520683616399765,0.02880692668259144
1761476511363574500,5.176574462890625,0.5705280303955078,-0.13797488808631897,0.06307056546211243
1761476511373607700,5.186607666015625,0.5606375932693481,-0.09276160597801208,0.09320583194494247
1761476511383640600,5.196640625,0.5342684388160706,-0.0069536929950118065,0.10479917377233505
1761476511393673700,5.206673828125,0.496271550655365,0.08719518035650253,0.10881815105676651
1761476511403706600,5.21670654296875,0.4502536654472351,0.17233611643314362,0.10673440247774124
1761476511413739800,5.22673974609375,0.410846084356308,0.2337946891784668,0.10532958805561066
1761476511423772700,5.236772705078125,0.3792986571788788,0.2696816027164459,0.0949907973408699
1761476511433805600,5.2468056640625,0.3450346887111664,0.2807971239089966,0.09282936900854111
1761476511443838700,5.256838623046875,0.31300926208496094,0.295907586812973,0.0894334465265274
1761476511453871600,5.26687158203125,0.2803959250450134,0.29481834173202515,0.08309139311313629
1761476511463904500,5.276904541015625,0.24731431901454926,0.2408670336008072,0.06649225205183029
1761476511473937400,5.2869375,0.22956542670726776,0.17552797496318817,0.05407819151878357
1761476511483971600,5.2969716796875,0.2253410369157791,0.12896044552326202,0.041479893028736115
1761476511494004500,5.30700439453125,0.22424034774303436,0.0885389894247055,0.01882491633296013
1761476511504037600,5.31703759765625,0.22113759815692902,0.06721116602420807,-0.0005043093115091324
1761476511514070500,5.327070556640625,0.23805026710033417,0.08768367767333984,-0.014910146594047546
1761476511524103700,5.337103759765625,0.2520959973335266,0.10655241459608078,-0.030402496457099915
1761476511534136600,5.347136474609375,0.26974421739578247,0.1049707680940628,-0.035100579261779785
1761476511544169700,5.357169677734375,0.2806050777435303,0.101646289229393,-0.01879946142435074
1761476511554202600,5.36720263671875,0.2847800850868225,0.10124308615922928,0.007514168508350849
1761476511564235800,5.37723583984375,0.28255507349967957,0.09433213621377945,0.05138245224952698
1761476511574268700,5.3872685546875,0.2767097055912018,0.12294460088014603,0.11120716482400894
1761476511584301600,5.397301513671875,0.2671697735786438,0.1986607164144516,0.17270416021347046
1761476511594334700,5.407334716796875,0.25795817375183105,0.26956260204315186,0.21463456749916077
1761476511604367600,5.41736767578125,0.2519092857837677,0.3160119950771332,0.2251608520746231
1761476511614400500,5.427400390625,0.24860639870166779,0.3340495824813843,0.20447315275669098
1761476511624433400,5.437433349609375,0.2520340085029602,0.3202795386314392,0.14778314530849457
1761476511634466600,5.447466552734375,0.2535853087902069,0.28518813848495483,0.08342120051383972
1761476511644500500,5.45750048828125,0.25098830461502075,0.24599866569042206,0.02715791016817093
1761476511654533600,5.46753369140625,0.22051401436328888,0.19327926635742188,-0.012347952462732792
1761476511664566500,5.47756640625,0.15768007934093475,0.16513699293136597,-0.04709732532501221
1761476511674599700,5.487599609375,0.07195266336202621,0.14107240736484528,-0.07940759509801865
1761476511684630800,5.497630859375,-0.01369134895503521,0.08853692561388016,-0.1139967069029808
1761476511694663700,5.50766357421875,-0.09316007792949677,0.030318360775709152,-0.14737091958522797
1761476511704696800,5.51769677734375,-0.15992388129234314,-0.020674992352724075,-0.186268150806427
1761476511714729700,5.527729736328125,-0.21402838826179504,-0.06039736792445183,-0.23495259881019592
1761476511724763000,5.537762939453125,-0.24330133199691772,-0.07360336184501648,-0.27193883061408997
1761476511734795800,5.547795654296875,-0.25836125016212463,-0.06367377191781998,-0.3019081950187683
1761476511744829000,5.557828857421875,-0.26272377371788025,-0.07307223975658417,-0.31185615062713623
1761476511754861800,5.56786181640625,-0.26873108744621277,-0.09179267287254333,-0.30419930815696716
1761476511764894700,5.577894775390625,-0.26875239610671997,-0.10328976809978485,-0.28786277770996094
1761476511774928000,5.587927978515625,-0.2466963827610016,-0.07744751870632172,-0.253449946641922
1761476511784960800,5.597960693359375,-0.20537054538726807,-0.04353438317775726,-0.19878719747066498
1761476511794994000,5.607993896484375,-0.16478823125362396,-0.02901455946266651,-0.14299024641513824
1761476511805026800,5.61802685546875,-0.1283612847328186,0.02297419309616089,-0.08821285516023636
1761476511815060700,5.628060791015625,-0.09867316484451294,0.08810712397098541,-0.05086654797196388
1761476511825093600,5.63809375,-0.0780872106552124,0.11336713284254074,-0.020742788910865784
1761476511835126800,5.648126708984375,-0.06732644140720367,0.1330987513065338,0.011132854036986828
1761476511845159700,5.65815966796875,-0.07594911009073257,0.14970767498016357,0.051243968307971954
1761476511855192800,5.66819287109375,-0.10737521201372147,0.17942269146442413,0.0945831835269928
1761476511865225700,5.678225830078125,-0.15790461003780365,0.2082744985818863,0.1340656280517578
1761476511875259000,5.6882587890625,-0.20340313017368317,0.22585216164588928,0.15267659723758698
1761476511885291800,5.698291748046875,-0.2339032143354416,0.24289008975028992,0.14369159936904907
1761476511895325000,5.708324951171875,-0.24108096957206726,0.24929845333099365,0.1192147433757782
1761476511905357800,5.71835791015625,-0.2465771734714508,0.24076512455940247,0.08424170315265656
1761476511915390700,5.728390625,-0.2552769184112549,0.23364435136318207,0.04107611998915672
1761476511925423900,5.738423828125,-0.27045756578445435,0.2298937290906906,0.006233454681932926
1761476511935456800,5.748456787109375,-0.30579930543899536,0.2089916467666626,-0.016983984038233757
1761476511945490000,5.758489990234375,-0.3442055583000183,0.19362573325634003,-0.025338852778077126
1761476511955522800,5.768522705078125,-0.37338846921920776,0.17094412446022034,-0.006514830980449915
1761476511965556000,5.778555908203125,-0.38724783062934875,0.1672290861606598,0.031364958733320236
1761476511975588900,5.7885888671875,-0.37526944279670715,0.1565125286579132,0.0682540014386177
1761476511985622800,5.798622802734375,-0.34834423661231995,0.11692286282777786,0.09138359129428864
1761476511995655700,5.80865576171875,-0.3118323087692261,0.07455863058567047,0.09530136734247208
1761476512005688800,5.818688720703125,-0.2820194661617279,0.04243837296962738,0.08408614248037338
1761476512015721700,5.8287216796875,-0.25906381011009216,0.013226158916950226,0.05146507918834686
1761476512025755000,5.8387548828125,-0.25354284048080444,-0.0002961135469377041,0.009959924966096878
1761476512035787800,5.848787841796875,-0.25032147765159607,0.0061969393864274025,-0.03461499884724617
1761476512045820700,5.858820556640625,-0.25134870409965515,0.005658391863107681,-0.06807584315538406
1761476512055853800,5.868853759765625,-0.25667184591293335,-0.01764666475355625,-0.08330592513084412
1761476512065886700,5.87888671875,-0.26505863666534424,-0.046311818063259125,-0.07983725517988205
1761476512075920000,5.888919921875,-0.2758833169937134,-0.05234707519412041,-0.054390743374824524
1761476512085952800,5.898952880859375,-0.28212037682533264,-0.03777667507529259,-0.019548306241631508
1761476512095986000,5.90898583984375,-0.2808290123939514,-0.02622707560658455,-0.0011882074177265167
1761476512106018800,5.919018798828125,-0.2743232548236847,-0.03099089302122593,-0.0004767710343003273
1761476512116052000,5.929052001953125,-0.260598361492157,-0.03742029517889023,-0.005303750745952129
1761476512126084900,5.9390849609375,-0.24887025356292725,-0.0489790141582489,-0.025232523679733276
1761476512136118000,5.949117919921875,-0.24092072248458862,-0.0697532668709755,-0.04969552159309387
1761476512146151000,5.95915087890625,-0.24447546899318695,-0.09284927695989609,-0.07434996217489243
1761476512156183800,5.969183837890625,-0.24984173476696014,-0.1311814934015274,-0.08801544457674026
1761476512166217700,5.9792177734375,-0.2611975073814392,-0.15090502798557281,-0.08038444072008133
1761476512176251000,5.9892509765625,-0.2635512351989746,-0.1256372183561325,-0.05702638626098633
1761476512186283800,5.99928369140625,-0.25746363401412964,-0.11189854890108109,-0.03401869907975197
1761476512196316700,6.009316650390625,-0.2550404369831085,-0.09839366376399994,-0.022374559193849564
1761476512206349800,6.019349853515625,-0.2530524730682373,-0.09763116389513016,-0.02091122418642044
1761476512216382700,6.0293828125,-0.2615615129470825,-0.1022336333990097,-0.03462091088294983
1761476512226415900,6.039415771484375,-0.2782449424266815,-0.10042823851108551,-0.05167808383703232
1761476512236448800,6.04944873046875,-0.2971861660480499,-0.08259357511997223,-0.06684665381908417
1761476512246482000,6.05948193359375,-0.31970927119255066,-0.06353221833705902,-0.07721549272537231
1761476512256514800,6.069514892578125,-0.3362903594970703,-0.03418285772204399,-0.07966293394565582
1761476512266548000,6.0795478515625,-0.36013174057006836,-0.011589311994612217,-0.09003385901451111
1761476512276580900,6.089580810546875,-0.37860769033432007,-0.014205335639417171,-0.10708927363157272
1761476512286614000,6.099614013671875,-0.3929571211338043,-0.031370531767606735,-0.12729236483573914
1761476512296647000,6.10964697265625,-0.4043242931365967,-0.052011627703905106,-0.14226731657981873
1761476512306679800,6.1196796875,-0.4081951081752777,-0.06202011555433273,-0.1473843902349472
1761476512316713000,6.129712890625,-0.41144177317619324,-0.055760886520147324,-0.14264635741710663
1761476512326745900,6.139745849609375,-0.4120345711708069,-0.03740561380982399,-0.13123591244220734
1761476512336778800,6.14977880859375,-0.420284241437912,-0.021670326590538025,-0.13284127414226532
1761476512346811600,6.159811767578125,-0.42829281091690063,-0.005033521447330713,-0.14669038355350494
1761476512356845800,6.169845703125,-0.4390122890472412,0.010004550218582153,-0.16960075497627258
1761476512366878700,6.179878662109375,-0.44433510303497314,0.014462634921073914,-0.1905657947063446
1761476512376912000,6.189911865234375,-0.439376562833786,-0.0037424671463668346,-0.1977752447128296
1761476512386944800,6.19994482421875,-0.42622706294059753,-0.015222566202282906,-0.17436231672763824
1761476512396978000,6.20997802734375,-0.40843021869659424,-0.0294523686170578,-0.14087893068790436
1761476512407010800,6.2200107421875,-0.3883386552333832,-0.04770898073911667,-0.10798639804124832
1761476512417044000,6.2300439453125,-0.36275872588157654,-0.04973963648080826,-0.08671998977661133
1761476512427076900,6.240076904296875,-0.33298155665397644,-0.028141293674707413,-0.0744791328907013
1761476512437110000,6.250110107421875,-0.30357626080513,0.010053230449557304,-0.07889118790626526
1761476512447143000,6.260142822265625,-0.2729835510253906,0.047953538596630096,-0.09643682092428207
1761476512457175800,6.27017578125,-0.24455589056015015,0.06367684155702591,-0.11839272081851959
1761476512467209000,6.280208984375,-0.22277125716209412,0.04781631380319595,-0.13699761033058167
1761476512477241900,6.290241943359375,-0.20397892594337463,0.025429248809814453,-0.15436115860939026
1761476512487275000,6.30027490234375,-0.18944475054740906,0.0033547659404575825,-0.15970592200756073
1761476512497308000,6.310307861328125,-0.18075351417064667,-0.00505549693480134,-0.16584903001785278
1761476512507340800,6.3203408203125,-0.16764019429683685,0.01071950700134039,-0.1693522185087204
1761476512517373700,6.330373779296875,-0.14713917672634125,0.040151700377464294,-0.17462395131587982
1761476512527406800,6.34040673828125,-0.11200947314500809,0.04289426654577255,-0.16897980868816376
1761476512537439700,6.350439697265625,-0.06334926187992096,0.03259236365556717,-0.14146216213703156
1761476512547474000,6.360473876953125,-0.00799429602921009,0.018672220408916473,-0.09862661361694336
1761476512557506800,6.3705068359375,0.047103576362133026,-0.008649680763483047,-0.052439674735069275
1761476512567540000,6.3805400390625,0.0822121649980545,-0.050125136971473694,-0.014906647615134716
1761476512577572900,6.39057275390625,0.09998103976249695,-0.06862585246562958,0.01579640433192253
1761476512587605800,6.400605712890625,0.10193237662315369,-0.049944326281547546,0.030935712158679962
1761476512597639000,6.410638916015625,0.08853108435869217,-0.029492847621440887,0.03458157926797867
1761476512607671800,6.420671875,0.07426692545413971,-0.007148126605898142,0.03416186571121216
1761476512617705000,6.430705078125,0.06582257896661758,0.02849721908569336,0.03686444088816643
1761476512627737900,6.44073779296875,0.061180874705314636,0.054167136549949646,0.029398852959275246
1761476512637771000,6.45077099609375,0.06688722968101501,0.062225595116615295,0.01684284768998623
1761476512647804000,6.460803955078125,0.0756794884800911,0.05771040543913841,0.005080127157270908
1761476512657836800,6.4708369140625,0.07608003169298172,0.040695205330848694,0.0025847451761364937
1761476512667869700,6.48086962890625,0.07580195367336273,0.03481991961598396,0.006676463410258293
1761476512677902800,6.49090283203125,0.07015551626682281,0.04412207379937172,0.01550351083278656
1761476512687936300,6.500936279296875,0.07497437298297882,0.039202868938446045,0.034349068999290466
1761476512697969400,6.510969482421875,0.08398065716028214,0.04102873057126999,0.055817607790231705
1761476512708002300,6.521002197265625,0.10411420464515686,0.04864915460348129,0.07390321791172028
1761476512718035500,6.531035400390625,0.12599608302116394,0.04239711910486221,0.07979653030633926
1761476512728068400,6.541068359375,0.15264706313610077,0.027394652366638184,0.07873369753360748
1761476512738101500,6.5511015625,0.17813006043434143,0.01961049810051918,0.07346916198730469
1761476512748134400,6.561134521484375,0.20105861127376556,0.02005130611360073,0.06327787041664124
1761476512758168600,6.57116845703125,0.21701841056346893,0.018331171944737434,0.04847335442900658
1761476512768201500,6.581201416015625,0.23159319162368774,0.016341395676136017,0.03885593265295029
1761476512778234400,6.591234375,0.2440570443868637,0.006727118510752916,0.02738356590270996
1761476512788267300,6.601267333984375,0.2561997175216675,-0.0034915334545075893,0.03353181108832359
1761476512798300200,6.611300048828125,0.2696108818054199,-0.016730371862649918,0.04986551031470299
1761476512808333300,6.621333251953125,0.2925223410129547,0.0009384420700371265,0.07787562906742096
1761476512818366200,6.6313662109375,0.312151700258255,0.03143829479813576,0.09571188688278198
1761476512828399400,6.6413994140625,0.328048437833786,0.046968646347522736,0.09439242631196976
1761476512838432300,6.651432373046875,0.3371031880378723,0.05397169664502144,0.07848643511533737
1761476512848465400,6.66146533203125,0.34531286358833313,0.05649065226316452,0.05816850811243057
1761476512858498300,6.671498291015625,0.3449818193912506,0.043816663324832916,0.0399591401219368
1761476512868531500,6.681531494140625,0.34300705790519714,0.024864576756954193,0.033734675496816635
1761476512878564400,6.691564453125,0.3464779555797577,0.021438952535390854,0.03526252880692482
1761476512888597500,6.701597412109375,0.357686847448349,0.02939028851687908,0.04813891649246216
1761476512898630400,6.71163037109375,0.3835320472717285,0.037900954484939575,0.05868557095527649
1761476512908663300,6.721663330078125,0.4012613892555237,0.060261476784944534,0.06384512037038803
1761476512918696400,6.731696533203125,0.41245386004447937,0.06983181089162827,0.057148873805999756
1761476512928729300,6.741729248046875,0.4027218222618103,0.059944234788417816,0.047569390386343
1761476512938762500,6.751762451171875,0.3946132957935333,0.0515156015753746,0.042713116854429245
1761476512948795400,6.76179541015625,0.3889278769493103,0.02931908890604973,0.04098404943943024
1761476512958828500,6.77182861328125,0.3856431543827057,0.01356595754623413,0.04160004109144211
1761476512968861400,6.781861328125,0.38235217332839966,0.015368008986115456,0.049265243113040924
1761476512978894600,6.79189453125,0.38355645537376404,0.029394878074526787,0.06125905364751816
1761476512988928300,6.80192822265625,0.3817398250102997,0.05712021887302399,0.062097735702991486
1761476512998961400,6.81196142578125,0.3787826597690582,0.07294125854969025,0.056800708174705505
1761476513008994300,6.821994384765625,0.3697758913040161,0.05736122280359268,0.04872949793934822
1761476513019027500,6.83202734375,0.3532642722129822,0.03061908856034279,0.05214686691761017
1761476513029060400,6.842060302734375,0.3296489715576172,0.01696343533694744,0.05263142287731171
1761476513039093200,6.85209326171875,0.3093208074569702,0.004129662178456783,0.05017758533358574
1761476513049126400,6.86212646484375,0.2943072021007538,-0.013549880124628544,0.040937639772892
1761476513059159300,6.8721591796875,0.28208887577056885,-0.020033877342939377,0.027791742235422134
1761476513069192400,6.8821923828125,0.27829447388648987,-0.011668302118778229,0.020695574581623077
1761476513079225300,6.892225341796875,0.28207775950431824,0.0018485733307898045,0.02251371368765831
1761476513089258500,6.902258544921875,0.28834977746009827,0.003437057603150606,0.02553451806306839
1761476513099291400,6.91229150390625,0.28695109486579895,0.018443970009684563,0.033150628209114075
1761476513109324500,6.922324462890625,0.2762845754623413,0.029681434854865074,0.03504315763711929
1761476513119357400,6.932357421875,0.2576453983783722,0.018361935392022133,0.0305288378149271
1761476513129390600,6.942390625,0.23843078315258026,0.007348975166678429,0.023657865822315216
1761476513139423500,6.952423583984375,0.21678568422794342,-0.00747311394661665,0.01083154883235693
1761476513149456400,6.962456298828125,0.20630085468292236,-0.013506358489394188,-0.0019363360479474068
1761476513159489300,6.9724892578125,0.20724546909332275,-0.019272634759545326,-0.016033513471484184
1761476513169522200,6.982522216796875,0.21133491396903992,-0.020577125251293182,-0.00981196854263544
1761476513179555300,6.992555419921875,0.21967700123786926,-0.009515952318906784,0.00695023313164711
1761476513189588200,7.002588134765625,0.21623900532722473,-0.018724575638771057,0.030796073377132416
1761476513199621400,7.012621337890625,0.20873048901557922,-0.035297691822052,0.051615603268146515
1761476513209655300,7.0226552734375,0.2006796896457672,-0.050742991268634796,0.07193503528833389
1761476513219688400,7.0326884765625,0.1918177455663681,-0.06162706017494202,0.0803184062242508
1761476513229721300,7.042721435546875,0.17626167833805084,-0.06982114911079407,0.0783337652683258
1761476513239754500,7.05275439453125,0.1620934009552002,-0.0700903981924057,0.07173578441143036
1761476513249787400,7.062787353515625,0.14640210568904877,-0.06762488931417465,0.06846771389245987
1761476513259820500,7.072820556640625,0.1251375526189804,-0.053440362215042114,0.060852669179439545
1761476513269853400,7.082853515625,0.1045481339097023,-0.04477459937334061,0.049363985657691956
1761476513279886600,7.092886474609375,0.08671107888221741,-0.032072652131319046,0.03748788684606552
1761476513289919500,7.10291943359375,0.05896325409412384,-0.019103819504380226,0.027214936912059784
1761476513299952400,7.112952392578125,0.027444476261734962,-0.014376973733305931,0.022947490215301514
1761476513309985300,7.1229853515625,-0.005421576090157032,-0.014054125174880028,0.028493046760559082
1761476513320018200,7.13301806640625,-0.03196290507912636,-0.012936662882566452,0.043538305908441544
1761476513330051300,7.14305126953125,-0.05620730668306351,0.005834241863340139,0.060232099145650864
1761476513340084200,7.153084228515625,-0.07184192538261414,0.02702341601252556,0.07065758109092712
1761476513350117400,7.163117431640625,-0.0887167677283287,0.042828984558582306,0.057960014790296555
1761476513360150300,7.173150390625,-0.0984032154083252,0.047160614281892776,0.03303149715065956
1761476513370183400,7.183183349609375,-0.11171848326921463,0.038921162486076355,0.0005770763382315636
1761476513380216300,7.19321630859375,-0.11404955387115479,0.038147248327732086,-0.02017294242978096
1761476513390249200,7.203249267578125,-0.11028546094894409,0.051290035247802734,-0.03208417817950249
1761476513400282400,7.213282470703125,-0.10171141475439072,0.04097162187099457,-0.03226979821920395
1761476513410315300,7.223315185546875,-0.09540623426437378,0.019035054370760918,-0.019465496763586998
1761476513420348400,7.233348388671875,-0.08993875980377197,0.011414418928325176,-0.0006121806800365448
1761476513430381300,7.24338134765625,-0.08261946588754654,0.007078343536704779,0.013306071050465107
1761476513440414500,7.25341455078125,-0.08107882738113403,0.0016478914767503738,0.015054169110953808
1761476513450447400,7.263447265625,-0.07925399392843246,0.004477382637560368,0.0032386332750320435
1761476513460481300,7.273481201171875,-0.08757530897855759,0.0010890425182878971,-0.018483705818653107
1761476513470514200,7.28351416015625,-0.09879191219806671,0.0017703138291835785,-0.029090162366628647
1761476513480547300,7.29354736328125,-0.11236151307821274,0.008473756723105907,-0.03818192705512047
1761476513490580200,7.303580322265625,-0.1195780336856842,0.009545132517814636,-0.04448018595576286
1761476513500613400,7.31361328125,-0.12250883877277374,0.00726546673104167,-0.053403906524181366
1761476513510646300,7.323646240234375,-0.12436119467020035,-0.00959562323987484,-0.06509362161159515
1761476513520679400,7.333679443359375,-0.13037940859794617,-0.034976616501808167,-0.07889412343502045
1761476513530712300,7.34371240234375,-0.12855276465415955,-0.07348890602588654,-0.09311878681182861
1761476513540745200,7.3537451171875,-0.13506552577018738,-0.09986032545566559,-0.10220229625701904
1761476513550778400,7.3637783203125,-0.14773188531398773,-0.1073346808552742,-0.10399213433265686
1761476513560811300,7.373811279296875,-0.16899242997169495,-0.09811242669820786,-0.09815342724323273
1761476513570844400,7.383844482421875,-0.19245505332946777,-0.06355061382055283,-0.09201855957508087
1761476513580877300,7.393877197265625,-0.21042659878730774,-0.029627801850438118,-0.08582325279712677
1761476513590910500,7.403910400390625,-0.21886327862739563,-0.014533127658069134,-0.08793404698371887
1761476513600943400,7.413943359375,-0.21603313088417053,-0.008589484728872776,-0.09216606616973877
1761476513610976500,7.4239765625,-0.20508795976638794,-0.011164751835167408,-0.09305132180452347
1761476513621009400,7.434009521484375,-0.19469551742076874,-0.025182832032442093,-0.08777906745672226
1761476513631042600,7.44404248046875,-0.18518972396850586,-0.020065337419509888,-0.07896251976490021
1761476513641075500,7.454075439453125,-0.1823372095823288,-0.0076115988194942474,-0.06662063300609589
1761476513651108400,7.4641083984375,-0.18248173594474792,0.0005626436322927475,-0.059152934700250626
1761476513661141500,7.4741416015625,-0.18873722851276398,-0.0012589585967361927,-0.055706802755594254
1761476513671174400,7.48417431640625,-0.19540083408355713,-0.01917216181755066,-0.05735062062740326
1761476513681207300,7.494207275390625,-0.20938536524772644,-0.053863294422626495,-0.06376057863235474
1761476513691240000,7.504239990234375,-0.21859636902809143,-0.06911226361989975,-0.06665974855422974
1761476513701272800,7.51427294921875,-0.22450406849384308,-0.0533873587846756,-0.06066364049911499
1761476513711306000,7.524305908203125,-0.22094999253749847,-0.022780247032642365,-0.05044542998075485
1761476513721340000,7.53433984375,-0.2137615829706192,0.0038412418216466904,-0.04151132330298424
1761476513731372800,7.544372802734375,-0.20318087935447693,0.017104169353842735,-0.04023604467511177
1761476513741405700,7.55440576171875,-0.1920480579137802,0.018262110650539398,-0.04151329770684242
1761476513751438800,7.56443896484375,-0.18617604672908783,-0.002830582670867443,-0.04089139401912689
1761476513761471700,7.5744716796875,-0.18672172725200653,-0.017681168392300606,-0.03365052491426468
1761476513771505000,7.5845048828125,-0.1892424076795578,-0.021889761090278625,-0.016705095767974854
1761476513781537800,7.594537841796875,-0.19823643565177917,-0.021178964525461197,-0.0046244654804468155
1761476513791571000,7.604571044921875,-0.2008441686630249,-0.011828289367258549,-0.007433382794260979
1761476513801603800,7.614603759765625,-0.1999347060918808,-0.0005034636706113815,-0.018429309129714966
1761476513811637000,7.624636962890625,-0.1981906145811081,0.0012437626719474792,-0.0338144451379776
1761476513821670000,7.634669921875,-0.19130048155784607,-0.0068511818535625935,-0.03249271959066391
1761476513831703000,7.644703125,-0.17803551256656647,-0.0010179122909903526,-0.012709048576653004
1761476513841736000,7.65473583984375,-0.16858342289924622,0.005845320411026478,0.014592081308364868
1761476513851768800,7.664768798828125,-0.162008136510849,0.026272635906934738,0.04154776781797409
1761476513861802000,7.674802001953125,-0.15475688874721527,0.04732625558972359,0.05378659442067146
1761476513871835000,7.6848349609375,-0.1425532102584839,0.0567207969725132,0.05396328866481781
1761476513881867800,7.69486767578125,-0.1328292042016983,0.060850560665130615,0.047863319516181946
1761476513891900700,7.704900634765625,-0.12785591185092926,0.07634590566158295,0.04007941484451294
1761476513901933800,7.714933837890625,-0.12758159637451172,0.08852880448102951,0.02986326441168785
1761476513911966700,7.724966796875,-0.13506020605564117,0.10058770328760147,0.011190786026418209
1761476513922000000,7.734999755859375,-0.1391548216342926,0.09669122844934464,-0.0054603624157607555
1761476513932032800,7.74503271484375,-0.14367583394050598,0.07503694295883179,-0.01035150047391653
1761476513942065700,7.755065673828125,-0.140872061252594,0.05586325004696846,-0.00150314811617136
1761476513952098800,7.765098876953125,-0.1233711689710617,0.04023765027523041,0.0180857814848423
1761476513962131700,7.775131591796875,-0.10249331593513489,0.04363425076007843,0.0380733385682106
1761476513972164900,7.785164794921875,-0.08466159552335739,0.05257624387741089,0.048442162573337555
1761476513982198800,7.79519873046875,-0.06919661909341812,0.046175070106983185,0.04588419944047928
1761476513992232000,7.80523193359375,-0.05588291585445404,0.01921151392161846,0.03477945923805237
1761476514002264800,7.815264892578125,-0.04069703817367554,-0.015071626752614975,0.023804306983947754
1761476514012298000,7.825298095703125,-0.028470851480960846,-0.03284169360995293,0.019871314987540245
1761476514022331000,7.835330810546875,-0.02585456520318985,-0.020745884627103806,0.023417050018906593
1761476514032363800,7.84536376953125,-0.03182363510131836,0.00593626219779253,0.02381235361099243
1761476514042396700,7.855396728515625,-0.0456576906144619,0.04611191153526306,0.021492738276720047
1761476514052429800,7.865429931640625,-0.05617481470108032,0.07827103137969971,0.01386986207216978
1761476514062462700,7.875462646484375,-0.06255095452070236,0.10363257676362991,0.0005165059119462967
1761476514072495900,7.885495849609375,-0.05814143270254135,0.11901108920574188,-0.014480248093605042
1761476514082528800,7.89552880859375,-0.056470029056072235,0.10711261630058289,-0.0182584747672081
1761476514092561700,7.905561767578125,-0.04888252913951874,0.10337326675653458,-0.004288047552108765
1761476514102594800,7.9155947265625,-0.041572414338588715,0.0928788110613823,0.006430909037590027
1761476514112627700,7.925627685546875,-0.03633507713675499,0.07078135013580322,0.011321960017085075
1761476514122660900,7.935660888671875,-0.024284539744257927,0.03664867952466011,-0.0008082054555416107
1761476514132693800,7.94569384765625,-0.014980126172304153,-0.0016269874759018421,-0.01947079971432686
1761476514142727000,7.955726806640625,-0.011626673862338066,-0.042605046182870865,-0.03785193711519241
1761476514152759800,7.965759765625,-0.011204203590750694,-0.06616077572107315,-0.039672814309597015
1761476514162793000,7.97579296875,-0.014192270115017891,-0.06886547803878784,-0.029117904603481293
1761476514172825900,7.985825927734375,-0.018482450395822525,-0.04727303609251976,-0.010524975135922432
1761476514182859000,7.99585888671875,-0.017531700432300568,-0.013165663927793503,0.004843860864639282
1761476514192892000,8.005891845703125,-0.018498435616493225,0.024076003581285477,0.011205222457647324
1761476514202923800,8.015923828125,-0.008490277454257011,0.058069393038749695,0.0034580864012241364
1761476514212957000,8.02595703125,0.0030380086973309517,0.06866971403360367,-0.013454106636345387
1761476514222989800,8.03598974609375,0.0106972586363554,0.05008164793252945,-0.04213102534413338
1761476514233023000,8.04602294921875,0.012599467299878597,0.015924932435154915,-0.06137463450431824
1761476514243055900,8.056055908203126,0.004874168895184994,-0.015529397875070572,-0.06667192280292511
1761476514253088800,8.0660888671875,0.00892648659646511,-0.031052209436893463,-0.05827934294939041
1761476514263122000,8.076121826171875,0.01873650588095188,-0.03979483246803284,-0.04065214842557907
1761476514273154800,8.08615478515625,0.033838026225566864,-0.041275523602962494,-0.02765197679400444
1761476514283188000,8.09618798828125,0.04938928782939911,-0.033937983214855194,-0.014317795634269714
1761476514293220900,8.106220947265625,0.06427023559808731,-0.012208450585603714,-0.005675571504980326
1761476514303254000,8.11625390625,0.08006038516759872,0.023457402363419533,-0.0013617835938930511
1761476514313286700,8.12628662109375,0.08983932435512543,0.05558191239833832,0.0007422557100653648
1761476514323320800,8.13632080078125,0.0909019261598587,0.05951539799571037,-0.0036530252546072006
1761476514333353700,8.146353759765624,0.08280827850103378,0.04018336534500122,-0.01005830429494381
1761476514343387000,8.156386962890625,0.0689004510641098,0.005143088288605213,-0.01787947490811348
1761476514353419800,8.166419677734375,0.05965372174978256,-0.03603988513350487,-0.022988639771938324
1761476514363453000,8.176452880859374,0.049377117305994034,-0.0627516582608223,-0.027036111801862717
1761476514373485800,8.18648583984375,0.043566588312387466,-0.08718427270650864,-0.026076871901750565
1761476514383519000,8.19651904296875,0.03983842954039574,-0.09163681417703629,-0.019861320033669472
1761476514393552000,8.2065517578125,0.03672945499420166,-0.08160655200481415,-0.007138334680348635
1761476514403584800,8.216584716796875,0.03587857261300087,-0.0538119375705719,0.011280086822807789
1761476514413618000,8.226617919921875,0.0294375941157341,-0.01160837709903717,0.01855074241757393
1761476514423650800,8.23665087890625,0.02846340835094452,0.014968372881412506,0.013641471974551678
1761476514433684000,8.24668408203125,0.02375979535281658,0.02367323450744152,0.006581784226000309
1761476514443716900,8.256716796875,0.030333274975419044,0.016713863238692284,-0.0012793345376849174
1761476514453750000,8.26675,0.03547695279121399,-0.0005306811071932316,-0.009221515618264675
1761476514463783000,8.276782958984375,0.04132791608572006,-0.023538528010249138,-0.012363246642053127
1761476514473815800,8.28681591796875,0.036157190799713135,-0.035541631281375885,-0.0175671074539423
1761476514483848700,8.2968486328125,0.026843314990401268,-0.03986261039972305,-0.017901334911584854
1761476514493881900,8.3068818359375,0.013177665881812572,-0.04091488569974899,-0.023487385362386703
1761476514503914800,8.316914794921875,0.006259571760892868,-0.03499281406402588,-0.024881016463041306
1761476514513947600,8.32694775390625,0.01453138142824173,-0.04078448936343193,-0.009983052499592304
1761476514523980800,8.336980712890625,0.041153937578201294,-0.024402320384979248,0.027227431535720825
1761476514534013700,8.347013671875,0.0723041445016861,0.00631172489374876,0.06742258369922638
1761476514544046800,8.357046875,0.09793946892023087,0.03299020975828171,0.08842559158802032
1761476514554079700,8.367079833984375,0.10700748860836029,0.03497457131743431,0.08445359766483307
1761476514564113000,8.37711279296875,0.10412941128015518,0.02780374325811863,0.05988486856222153
1761476514574145800,8.387145751953126,0.08584281802177429,0.01776895299553871,0.026595354080200195
1761476514584179000,8.397178955078125,0.06776474416255951,-0.0054591381922364235,-0.006836371961981058
1761476514594211800,8.4072119140625,0.05453012138605118,-0.029819585382938385,-0.027823178097605705
1761476514604245000,8.417244873046876,0.0466436967253685,-0.04701108857989311,-0.030728153884410858
1761476514614278000,8.42727783203125,0.04049051180481911,-0.060246773064136505,-0.022844230756163597
1761476514624310800,8.437310791015625,0.04085270315408707,-0.06820642948150635,-0.009997941553592682
1761476514634344000,8.447343994140626,0.0466671846807003,-0.06561117619276047,0.014810469001531601
1761476514644376800,8.457376953125,0.05027203634381294,-0.04480123892426491,0.0432269312441349
1761476514654410000,8.467409912109375,0.047215163707733154,-0.016649166122078896,0.06201799586415291
1761476514664443000,8.47744287109375,0.04218178987503052,0.007843393832445145,0.06876432150602341
1761476514674476800,8.487476806640625,0.03709263354539871,0.03054487146437168,0.0615571066737175
1761476514684509700,8.497509765625,0.026749713346362114,0.03651115298271179,0.040345292538404465
1761476514694546200,8.507546142578125,0.012431076727807522,0.013405635952949524,0.005152602680027485
1761476514704579300,8.517579345703124,0.0052354829385876656,-0.020638883113861084,-0.01325489953160286
1761476514714612200,8.5276123046875,0.0038053570315241814,-0.039443522691726685,-0.019138555973768234
1761476514724645000,8.53764501953125,0.0043787360191345215,-0.03888106346130371,-0.008788445964455605
1761476514734678300,8.54767822265625,0.005637799389660358,-0.028556112200021744,-0.0044281925074756145
1761476514744711200,8.557711181640625,0.007260464131832123,-0.004056896548718214,-0.0014553060755133629
1761476514754744300,8.567744384765625,0.006436120718717575,0.01626867800951004,-0.006853729020804167
1761476514764777200,8.577777099609374,0.006831333972513676,0.03282421827316284,-0.014207782223820686
1761476514774810400,8.587810302734376,0.013561481609940529,0.04134165123105049,-0.021623339504003525
1761476514784843300,8.59784326171875,0.023837821558117867,0.03871124982833862,-0.02887805551290512
1761476514794879200,8.607879150390625,0.036053430289030075,0.019452372565865517,-0.030512340366840363
1761476514804912400,8.617912353515624,0.03910275176167488,-0.004626333247870207,-0.02148369327187538
1761476514814945300,8.6279453125,0.035881511867046356,-0.02118178829550743,-0.012618517503142357
1761476514824978400,8.637978515625,0.025302104651927948,-0.030092455446720123,-0.00878303311765194
1761476514835011300,8.64801123046875,0.02170206606388092,-0.023261623457074165,-0.00692556519061327
1761476514845044200,8.658044189453125,0.022090088576078415,-0.005408324301242828,-0.014321429654955864
1761476514855077400,8.668077392578125,0.027101311832666397,0.008176809176802635,-0.014646158553659916
1761476514865110300,8.6781103515625,0.03567562624812126,0.04065832123160362,-0.006732575595378876
1761476514875143200,8.68814306640625,0.047468651086091995,0.06811181455850601,0.007185613736510277
1761476514885176000,8.698176025390625,0.06084037944674492,0.07209164649248123,0.02085561864078045
1761476514895209200,8.708209228515624,0.06342711299657822,0.0742003321647644,0.02508391998708248
1761476514905242000,8.7182421875,0.06923919916152954,0.06481003016233444,0.017963692545890808
1761476514915275300,8.728275146484375,0.06237148493528366,0.05128438398241997,0.004569961689412594
1761476514925308200,8.73830810546875,0.05131697282195091,0.032621484249830246,-0.01666475273668766
1761476514935341300,8.74834130859375,0.03822837024927139,0.010786926373839378,-0.032288484275341034
1761476514945374200,8.758374267578125,0.02859092503786087,-0.02086261287331581,-0.04142339527606964
1761476514955407000,8.768406982421874,0.025769338011741638,-0.038871537894010544,-0.03017955832183361
1761476514965440300,8.778440185546875,0.025707021355628967,-0.033708736300468445,-0.00613813754171133
1761476514975473200,8.78847314453125,0.02314986288547516,-0.0041060433723032475,0.011347578838467598
1761476514985506300,8.79850634765625,0.01997137814760208,0.0342157781124115,0.027529478073120117
1761476514995539200,8.808539306640625,0.01651119999587536,0.0607832595705986,0.031922176480293274
1761476515005572400,8.818572265625,0.011928165331482887,0.0708734467625618,0.026136193424463272
1761476515015605200,8.828605224609374,0.006026814691722393,0.06162537634372711,0.010356140322983265
1761476515025638400,8.838638427734375,-0.0011791661381721497,0.03539004176855087,-0.008745647966861725
1761476515035671300,8.84867138671875,-0.009970626793801785,0.01619185134768486,-0.0252363383769989
1761476515045704400,8.858704345703124,-0.018476497381925583,0.006275039166212082,-0.04075857251882553
1761476515055737300,8.8687373046875,-0.019112424924969673,-0.00042286748066544533,-0.043485864996910095
1761476515065770200,8.878770263671875,-0.018752632662653923,-0.014498740434646606,-0.042115405201911926
1761476515075803400,8.888803466796874,-0.01790057122707367,-0.0056562176905572414,-0.036723461002111435
1761476515085836300,8.898836181640625,-0.0162091962993145,0.0012389728799462318,-0.03568189963698387
1761476515095869200,8.908869140625,-0.01779450848698616,0.0011368193663656712,-0.03813198581337929
1761476515105902000,8.918902099609374,-0.016798485070466995,0.011579606682062149,-0.03308716043829918
1761476515115935200,8.928935302734375,-0.01409207470715046,0.024119112640619278,-0.02456958405673504
1761476515125968100,8.938968017578125,-0.011846763081848621,0.032774653285741806,-0.019560445100069046
1761476515136001300,8.949001220703124,-0.008756470866501331,0.02808433026075363,-0.01628679409623146
1761476515146034200,8.9590341796875,-0.012290752492845058,0.011478457599878311,-0.020054634660482407
1761476515156067000,8.969067138671875,-0.01750815100967884,-0.01706210896372795,-0.02802787348628044
1761476515166100200,8.979100341796874,-0.021737784147262573,-0.037774574011564255,-0.03438377380371094
1761476515176133000,8.989133056640625,-0.025531403720378876,-0.04865941032767296,-0.03726987540721893
1761476515186166300,8.999166259765625,-0.0323975645005703,-0.04539996758103371,-0.03796575963497162
1761476515196199200,9.00919921875,-0.0404982790350914,-0.03336707130074501,-0.038110435009002686
1761476515206232300,9.019232421875,-0.044200070202350616,-0.018660295754671097,-0.03439932316541672
1761476515216265200,9.02926513671875,-0.04344689100980759,0.0003058989532291889,-0.03134024143218994
1761476515226298400,9.03929833984375,-0.03519987687468529,0.009523365646600723,-0.025292467325925827
1761476515236331300,9.049331298828125,-0.025895897299051285,0.020408542826771736,-0.016167322173714638
1761476515246364400,9.059364501953125,-0.01473858393728733,0.03789379075169563,-0.01386022474616766
1761476515256397300,9.069397216796874,-0.007921583950519562,0.05162186920642853,-0.013100969605147839
1761476515266430200,9.07943017578125,-0.010567966848611832,0.059729062020778656,-0.014849068596959114
1761476515276463400,9.08946337890625,-0.015063395723700523,0.06800449639558792,-0.01355243381112814
1761476515286496300,9.099496337890624,-0.02316979132592678,0.07031930983066559,-0.00978991948068142
1761476515296529400,9.109529296875,-0.030778376385569572,0.05947204306721687,-0.011538470163941383
1761476515306562300,9.119562255859375,-0.030658533796668053,0.03479732200503349,-0.01182129792869091
1761476515316595200,9.12959521484375,-0.021482933312654495,0.0061888727359473705,-0.011148606427013874
1761476515326628000,9.139628173828125,-0.007224368397146463,-0.017180632799863815,-0.0024632392451167107
1761476515336661200,9.1496611328125,0.0007864935323596001,-0.022775474935770035,0.007580426521599293
1761476515346694100,9.159694091796876,0.007394862361252308,-0.009594958275556564,0.011179155670106411
1761476515356727300,9.169727294921875,0.009293713606894016,0.005535269621759653,0.00988683570176363
1761476515366760200,9.17976025390625,0.00986336451023817,0.013251779600977898,0.005346943624317646
1761476515376793000,9.18979296875,0.009214495308697224,0.017329584807157516,-0.0026921750977635384
1761476515386826200,9.199826171875,0.008487452752888203,0.014742057770490646,-0.014806894585490227
1761476515396859100,9.209859130859375,0.0020907139405608177,0.01709449291229248,-0.028392409905791283
1761476515406892300,9.219892333984374,0.0008107982575893402,0.00818195752799511,-0.03445988893508911
1761476515416925200,9.22992529296875,-0.0025456598959863186,-0.01222976390272379,-0.03783872723579407
1761476515426958300,9.239958251953125,-0.0039118616841733456,-0.03310175612568855,-0.028665736317634583
1761476515436991200,9.2499912109375,-0.006504904944449663,-0.04128812253475189,-0.02126845344901085
1761476515447024400,9.2600244140625,-0.00633526174351573,-0.03443261235952377,-0.012205716222524643
1761476515457057300,9.270057373046875,0.0000341758131980896,-0.028610307723283768,-0.013910899870097637
1761476515467090200,9.280090087890626,0.012238644063472748,-0.015516078099608421,-0.011652006767690182
1761476515477123300,9.290123291015625,0.03224793076515198,0.0064818840473890305,-0.008511064574122429
1761476515487156200,9.30015625,0.04031198471784592,0.02506169304251671,-0.006878280080854893
1761476515497189400,9.310189453125,0.038792677223682404,0.046240370720624924,-0.010182610712945461
1761476515507222300,9.32022216796875,0.026838012039661407,0.055996060371398926,-0.015813065692782402
1761476515517255400,9.33025537109375,0.013547551818192005,0.043170440942049026,-0.02751290611922741
1761476515527288300,9.340288330078126,0.0031700115650892258,0.022223081439733505,-0.03686140105128288
1761476515537321200,9.3503212890625,-0.009556647390127182,0.00327652832493186,-0.04390943795442581
1761476515547354000,9.36035400390625,-0.011045620776712894,-0.012449437752366066,-0.04299730062484741
1761476515557387300,9.37038720703125,0.0002947365865111351,-0.016968553885817528,-0.03029201179742813
1761476515567420200,9.380420166015625,0.018019936978816986,-0.02106476202607155,-0.006807192228734493
1761476515577453000,9.390453125,0.03085380420088768,-0.015070848166942596,0.020777225494384766
1761476515587486200,9.400486328125,0.03495986387133598,-0.009167686104774475,0.034669339656829834
1761476515597519000,9.41051904296875,0.03533826395869255,-0.011660757474601269,0.026286877691745758
1761476515607552300,9.42055224609375,0.02606780081987381,-0.01946089044213295,-0.006997840479016304
1761476515617585200,9.430585205078126,0.018877454102039337,-0.026007208973169327,-0.036197155714035034
1761476515627618300,9.440618408203125,0.004681207239627838,-0.01903585158288479,-0.056789785623550415
1761476515637651200,9.450651123046875,0.003408387303352356,-0.0077041625045239925,-0.05470231547951698
1761476515647684400,9.460684326171876,0.012276980094611645,0.003737842431291938,-0.040991831570863724
1761476515657717200,9.47071728515625,0.02437545731663704,-0.004675616044551134,-0.024067973718047142
1761476515667750400,9.48075048828125,0.03205494582653046,-0.017651868984103203,-0.01526649296283722
1761476515677783300,9.490783203125,0.035674482583999634,-0.015163322910666466,-0.011678251437842846
1761476515687813000,9.500813232421875,0.027607504278421402,0.009217916056513786,-0.011646825820207596
1761476515697846000,9.510845947265626,0.011760315857827663,0.03590129315853119,-0.01975930668413639
1761476515707879200,9.520879150390625,0.000642949715256691,0.05624225363135338,-0.020637350156903267
1761476515717912000,9.530912109375,-0.007774848956614733,0.0577344186604023,-0.029374800622463226
1761476515727945000,9.540945068359376,-0.007990831509232521,0.04422074183821678,-0.025627732276916504
1761476515737977000,9.55097705078125,-0.00004577264189720154,0.023518653586506844,-0.02390461601316929
1761476515748010000,9.561010009765624,0.014545420184731483,0.0026490571908652782,-0.01844167336821556
1761476515758043100,9.571043212890626,0.029834097251296043,0.008136234246194363,-0.010126752778887749
1761476515768076000,9.581075927734375,0.04056263715028763,0.014057239517569542,-0.0036265086382627487
1761476515778109200,9.591109130859374,0.038313210010528564,0.005785827059298754,-0.004413587041199207
1761476515788142000,9.60114208984375,0.026811551302671432,-0.023143025115132332,-0.010690657421946526
1761476515798175000,9.611175048828125,0.005661225877702236,-0.052910737693309784,-0.018902961164712906
1761476515808208000,9.621207763671874,-0.0068788002245128155,-0.06910062581300735,-0.02326495386660099
1761476515818240800,9.63124072265625,-0.01185577642172575,-0.07123086601495743,-0.02222766913473606
1761476515828274000,9.64127392578125,-0.005818123929202557,-0.047325264662504196,-0.014434993267059326
1761476515838306800,9.651306884765624,0.007606707513332367,-0.011325705796480179,-0.0141814686357975
1761476515848340000,9.661340087890625,0.01677091047167778,0.023307107388973236,-0.01766275241971016
1761476515858372900,9.671372802734375,0.02760045975446701,0.04808227717876434,-0.025554422289133072
1761476515868406000,9.681406005859374,0.03096163645386696,0.04456290975213051,-0.0357588566839695
1761476515878439000,9.69143896484375,0.027870792895555496,0.0039866091683506966,-0.03697766363620758
1761476515888471800,9.701471923828125,0.015960337594151497,-0.04700573533773422,-0.026119422167539597
1761476515898505000,9.7115048828125,0.007847722619771957,-0.0658709704875946,-0.005996775813400745
1761476515908537900,9.721537841796875,0.0045480672270059586,-0.05263026803731918,0.015270163305103779
1761476515918571000,9.731571044921875,0.010670337826013565,-0.026476478204131126,0.019903190433979034
1761476515928604000,9.74160400390625,0.016796406358480453,-0.006555500905960798,0.0024008937180042267
1761476515938637000,9.751636962890625,0.01778458058834076,0.005288208834826946,-0.021114399656653404
1761476515948670000,9.761669921875,0.015270824544131756,0.00958282221108675,-0.04155229777097702
1761476515958703000,9.771703125,0.01019245944917202,0.01343492977321148,-0.03830915689468384
1761476515968736000,9.781736083984375,0.0030669067054986954,0.021715762093663216,-0.01430555246770382
1761476515978769200,9.79176904296875,0.004534782841801643,0.033913642168045044,0.004282676614820957
1761476515988802000,9.801802001953124,0.012568207457661629,0.05026332288980484,0.020542606711387634
1761476515998835000,9.8118349609375,0.0198906809091568,0.05854504182934761,0.023433255031704903
1761476516008867000,9.8218671875,0.02903624251484871,0.05143147334456444,0.010280702263116837
1761476516018900000,9.83189990234375,0.034960053861141205,0.02539784088730812,-0.00887579657137394
1761476516028933000,9.84193310546875,0.03519494831562042,-0.0009549357928335667,-0.02699035219848156
1761476516038966000,9.851966064453125,0.026982001960277557,-0.03546220064163208,-0.036833252757787704
1761476516048999200,9.861999267578126,0.017386633902788162,-0.04823445528745651,-0.02909011021256447
1761476516059032000,9.872031982421875,0.003637080080807209,-0.04241882637143135,-0.018221259117126465
1761476516069065000,9.88206494140625,0.0011587422341108322,-0.012597814202308655,0.0021745590493083
1761476516079098000,9.89209814453125,0.009219907224178314,0.0271209217607975,0.013632699847221375
1761476516089130800,9.902130859375,0.01791406236588955,0.05875501409173012,0.014482781291007996
1761476516099164000,9.912163818359375,0.031208951026201248,0.07298631966114044,0.0017367424443364143
1761476516109196800,9.92219677734375,0.03954704478383064,0.07141797989606857,-0.015157019719481468
1761476516119230000,9.93222998046875,0.04404076933860779,0.05111916363239288,-0.031223002821207047
1761476516129262800,9.942262939453125,0.030187003314495087,0.019641397520899773,-0.044637877494096756
1761476516139296000,9.9522958984375,0.016349751502275467,-0.026189474388957024,-0.04333745688199997
1761476516149329000,9.962328857421875,0.00040860287845134735,-0.05679665505886078,-0.03564837574958801
1761476516159361800,9.97236181640625,-0.007353005465120077,-0.06410829722881317,-0.02657119184732437
1761476516169395000,9.98239501953125,-0.004445099737495184,-0.06605640053749084,-0.009693674743175507
1761476516179427800,9.992427734375,0.00541280210018158,-0.05824870243668556,0.004019258543848991
1761476516189461000,10.0024609375,0.013002811931073666,-0.02875392884016037,0.020908493548631668
1761476516199494000,10.012493896484376,0.016437552869319916,-0.0037649846635758877,0.02245047502219677
1761476516209526000,10.022526123046875,0.018733464181423187,0.010007286444306374,0.015979260206222534
1761476516219559000,10.032558837890624,0.012296311557292938,0.011989546939730644,-0.0016817888244986534
1761476516229591800,10.042591796875,0.01235969364643097,0.012129362672567368,-0.018168620765209198
1761476516239625000,10.052625,0.013449516147375107,0.01001790352165699,-0.019061362370848656
1761476516249657900,10.062657958984374,0.022570576518774033,0.012679733335971832,-0.0036850692704319954
1761476516259691000,10.07269091796875,0.021088149398565292,0.01208229549229145,0.027981460094451904
1761476516269724000,10.082723876953125,0.01460867840796709,0.01587809808552265,0.06374025344848633
1761476516279757000,10.092757080078124,0.0055419281125068665,0.016559483483433723,0.07611893117427826
1761476516289790000,10.1027900390625,0.0017804792150855064,0.017952848225831985,0.06641463935375214
1761476516299823000,10.112822998046875,0.003910503350198269,0.01732480525970459,0.038474373519420624
1761476516309856000,10.12285595703125,0.011227539740502834,0.020004743710160255,0.002268432639539242
1761476516319889200,10.13288916015625,0.01728026568889618,0.030229706317186356,-0.024268999695777893
1761476516329922000,10.142922119140625,0.026820775121450424,0.02669649012386799,-0.03887297958135605
1761476516339955000,10.152954833984374,0.03363160043954849,0.017886381596326828,-0.02949976921081543
1761476516349988000,10.162988037109375,0.04257050156593323,0.0022339189890772104,-0.0006595980376005173
1761476516360021000,10.17302099609375,0.04792541265487671,0.009452620521187782,0.03822168707847595
1761476516370054000,10.183053955078124,0.0489099845290184,0.018740925937891006,0.05894400551915169
1761476516380086000,10.1930859375,0.04580933600664139,0.02549981325864792,0.05221293866634369
1761476516390119000,10.203118896484375,0.04274963214993477,0.02912970259785652,0.027398405596613884
1761476516400152000,10.213152099609376,0.03916703164577484,0.014922747388482094,-0.0072273737750947475
1761476516410185000,10.22318505859375,0.02910321205854416,-0.020440302789211273,-0.03607074171304703
1761476516420218000,10.233218017578125,0.022077761590480804,-0.04295897111296654,-0.04548260569572449
1761476516430251000,10.2432509765625,0.01416977122426033,-0.05767293646931648,-0.037592723965644836
1761476516440284000,10.253283935546875,0.004516877233982086,-0.07155173271894455,-0.01985287480056286
1761476516450316800,10.26331689453125,-0.0031226668506860733,-0.05482761561870575,0.010545510798692703
1761476516460350000,10.273349853515626,-0.007157772779464722,-0.025934547185897827,0.03558387607336044
1761476516470382800,10.2833828125,-0.007983619347214699,0.011847454123198986,0.04530388116836548
1761476516480416000,10.293416015625,-0.0019017071463167667,0.04669340327382088,0.03817101567983627
1761476516490449000,10.303448974609376,0.0030648214742541313,0.05975194647908211,0.018915031105279922
1761476516500481800,10.313481689453125,0.002557971514761448,0.06989504396915436,0.00009139347821474075
1761476516510515000,10.323514892578125,0.00145702064037323,0.06974644213914871,-0.013018549419939518
1761476516520547800,10.3335478515625,-0.00523660983890295,0.048531047999858856,-0.018791265785694122
1761476516530581000,10.3435810546875,-0.013679629191756248,0.017778728157281876,-0.014845527708530426
1761476516540612900,10.35361279296875,-0.028160981833934784,-0.016756976023316383,-0.007618917617946863
1761476516550646000,10.36364599609375,-0.02670769765973091,-0.04572204872965813,0.006758689880371094
1761476516560679000,10.373678955078125,-0.01902727410197258,-0.05098184943199158,0.02506687492132187
1761476516570711800,10.3837119140625,-0.008124559186398983,-0.02543521113693714,0.040873803198337555
1761476516580745000,10.393744873046876,0.001360422931611538,-0.006131496746093035,0.03966470807790756
1761476516590777900,10.40377783203125,0.012751028873026371,0.0023778353352099657,0.029554016888141632
1761476516600811000,10.41381103515625,0.025548964738845825,-0.003916110843420029,0.011346640065312386
1761476516610844000,10.423843994140626,0.03296320512890816,-0.011328221298754215,-0.005475216079503298
1761476516620877000,10.433876953125,0.036238063126802444,-0.02052122727036476,-0.019744686782360077
1761476516630910000,10.443909912109374,0.03349234163761139,-0.02585766837000847,-0.020043227821588516
1761476516640943000,10.453943115234376,0.02302834391593933,-0.030943304300308228,-0.01758945733308792
1761476516650976000,10.46397607421875,0.014945383183658123,-0.023691251873970032,-0.0020480481907725334
1761476516661009200,10.474009033203124,0.005730079486966133,-0.008763659745454788,0.014819067902863026
1761476516671042000,10.4840419921875,0.006311713717877865,0.007656326051801443,0.020872969180345535
1761476516681074000,10.494073974609375,0.012026315554976463,0.012892821803689003,0.017150867730379105
1761476516691111000,10.50411083984375,0.019301805645227432,0.011110901832580566,0.011237054131925106
1761476516701144000,10.51414404296875,0.021486464887857437,0.0039003645069897175,0.005122976377606392
1761476516711177000,10.524177001953126,0.018768973648548126,0.00036262115463614464,0.0006027929484844208
1761476516721210000,10.534210205078125,0.01204767171293497,-0.006900771986693144,0.0013297107070684433
1761476516731243000,10.544242919921874,0.004983636550605297,-0.011907780542969704,0.005206207744777203
1761476516741276000,10.55427587890625,-0.002809964120388031,-0.00388247799128294,0.007319473661482334
1761476516751308800,10.564308837890625,-0.005689107347279787,0.006078809965401888,0.008512835018336773
1761476516761342000,10.574342041015624,-0.006261572241783142,0.013503072783350945,0.0059520648792386055
1761476516771374800,10.584374755859375,-0.0005400367081165314,0.019287725910544395,0.004285193048417568
1761476516781408000,10.594407958984375,0.007248355075716972,0.01934794709086418,0.006664799526333809
1761476516791441000,10.60444091796875,0.02275008335709572,0.023265456780791283,0.012832414358854294
1761476516801473800,10.614473876953125,0.034407518804073334,0.008743884041905403,0.019562896341085434
1761476516811506000,10.624505859375,0.04279967397451401,-0.007601534016430378,0.02326495572924614
1761476516821538800,10.634538818359376,0.04499542713165283,-0.018359337002038956,0.024515118449926376
1761476516831572000,10.644572021484375,0.04587320610880852,-0.011660954914987087,0.03031894564628601
1761476516841604900,10.65460498046875,0.043655287474393845,0.0035638753324747086,0.03350619599223137
1761476516851637800,10.6646376953125,0.04860956594347954,0.011690511368215084,0.029953274875879288
1761476516861671000,10.6746708984375,0.05121823400259018,0.022101355716586113,0.024225346744060516
1761476516871703800,10.684703857421875,0.05123447626829147,0.03686831519007683,0.01241715531796217
1761476516881737000,10.694737060546874,0.050519831478595734,0.04293741658329964,-0.006184682250022888
1761476516891769900,10.704769775390625,0.04879623278975487,0.04724641144275665,-0.01582931913435459
1761476516901803000,10.714802978515625,0.05042159557342529,0.06262229382991791,-0.0184631310403347
1761476516911836000,10.7248359375,0.058253154158592224,0.06728468835353851,-0.01222760509699583
1761476516921869000,10.734869140625,0.07288538664579391,0.06473102420568466,-0.0042826030403375626
1761476516931902000,10.74490185546875,0.08944066613912582,0.045914992690086365,-0.0019787028431892395
1761476516941933800,10.754933837890626,0.10072743892669678,0.018819309771060944,-0.002497272565960884
1761476516951967000,10.764967041015625,0.10543990135192871,-0.006886319722980261,-0.01093363482505083
1761476516962000000,10.774999755859374,0.10377456247806549,-0.029254447668790817,-0.0181976780295372
1761476516972033000,10.785032958984376,0.10848808288574219,-0.03328540548682213,-0.019005415961146355
1761476516982066000,10.79506591796875,0.11343945562839508,-0.03508954495191574,-0.006373114883899689
1761476516992099000,10.80509912109375,0.12014742940664291,-0.015183746814727783,0.008701973594725132
1761476517002132000,10.815132080078126,0.12158375233411789,0.008818460628390312,0.018035754561424255
1761476517012165000,10.8251650390625,0.12284155935049057,0.02198140136897564,0.013893207535147667
1761476517022198000,10.835197998046874,0.1135813444852829,0.006137704476714134,-0.0047279526479542255
1761476517032231000,10.84523095703125,0.11059354245662689,-0.019872058182954788,-0.025897152721881866
1761476517042264000,10.85526416015625,0.10586695373058319,-0.04959176108241081,-0.03407452255487442
1761476517052296000,10.8652958984375,0.10468903183937073,-0.06908556818962097,-0.03212348744273186
1761476517062329000,10.8753291015625,0.10858593136072159,-0.05986073613166809,-0.016025541350245476
1761476517072362000,10.885362060546875,0.1036449670791626,-0.03741135448217392,-0.003829595632851124
1761476517082395000,10.895394775390624,0.09857450425624847,-0.023475266993045807,-0.000993332825601101
1761476517092428000,10.905427978515625,0.09032563120126724,0.0013896021991968155,-0.004606709815561771
1761476517102461000,10.9154609375,0.07497186213731766,0.03422069922089577,-0.024357451125979424
1761476517112494000,10.925494140625,0.06775922328233719,0.03800371661782265,-0.040068238973617554
1761476517122527000,10.93552685546875,0.06906162202358246,0.04962797090411186,-0.03613640367984772
1761476517132560100,10.94556005859375,0.0751970112323761,0.06640162318944931,-0.016194390133023262
1761476517142593000,10.955593017578124,0.08412317931652069,0.06712254881858826,0.01715591922402382
1761476517152626000,10.9656259765625,0.09390683472156525,0.05114757642149925,0.0425315797328949
1761476517162658000,10.975657958984375,0.11058126389980316,0.034308578819036484,0.060638539493083954
1761476517172691000,10.98569091796875,0.12354978919029236,0.011339613236486912,0.058964475989341736
1761476517182724000,10.99572412109375,0.1313055455684662,-0.020408105105161667,0.05133219063282013
1761476517192757000,11.005757080078125,0.13430160284042358,-0.020994264632463455,0.03639158606529236
1761476517202790100,11.0157900390625,0.13764363527297974,-0.0064911809749901295,0.01959928683936596
1761476517212823000,11.025822998046875,0.1387683004140854,0.0047399019822478294,0.0013856636360287666
1761476517222856000,11.03585595703125,0.1425207108259201,0.012202655896544456,-0.005918056238442659
1761476517232888800,11.045888916015626,0.1494731605052948,0.009644689038395882,-0.0048088496550917625
1761476517242922000,11.055921875,0.15546201169490814,-0.010560001246631145,0.003666931763291359
1761476517252955000,11.065954833984375,0.15955103933811188,-0.024427082389593124,0.0219601858407259
1761476517262987800,11.07598779296875,0.16337093710899353,-0.038567766547203064,0.0348188579082489
1761476517273020000,11.08602001953125,0.164367213845253,-0.03744204714894295,0.04634901136159897
1761476517283052800,11.096052734375,0.16026204824447632,-0.025949615985155106,0.04958002269268036
1761476517293086000,11.1060859375,0.15560923516750336,0.002594411140307784,0.04766228049993515
1761476517303118800,11.116118896484375,0.15175192058086395,0.02699703350663185,0.04471529275178909
1761476517313151700,11.12615185546875,0.14670149981975555,0.038694702088832855,0.0369495153427124
1761476517323185000,11.136184814453125,0.1365964710712433,0.049921683967113495,0.02335960790514946
1761476517333217800,11.1462177734375,0.13004828989505768,0.050410907715559006,0.006185946986079216
1761476517343251000,11.1562509765625,0.11031578481197357,0.04877400025725365,-0.02336382493376732
1761476517353283800,11.166283935546875,0.10134731978178024,0.08934859186410904,-0.04700683429837227
1761476517363317000,11.17631689453125,0.09601432085037231,0.11763086915016174,-0.07507168501615524
1761476517373348900,11.186348876953126,0.09329789876937866,0.11567877233028412,-0.06268239766359329
1761476517383381800,11.1963818359375,0.06527002155780792,0.01950833573937416,0.021950729191303253
1761476517393415000,11.206414794921875,0.05256062000989914,-0.12233695387840271,0.10500913113355637
1761476517403447800,11.21644775390625,0.056693434715270996,-0.18106137216091156,0.16494230926036835
1761476517413481000,11.22648095703125,0.06789255887269974,-0.16576364636421204,0.1716390997171402
1761476517423513900,11.236513916015625,0.07811205089092255,-0.1026412770152092,0.10824593156576157
1761476517433547000,11.246547119140626,0.07528137415647507,-0.035106170922517776,0.023958485573530197
1761476517443580000,11.256579833984375,0.06557850539684296,0.022621963173151016,-0.045888110995292664
1761476517453613000,11.266613037109375,0.055628400295972824,0.05988544598221779,-0.07861942797899246
1761476517463646000,11.27664599609375,0.058106571435928345,0.08068810403347015,-0.07218801975250244
